1 0.658864 0.925634 0.171082 0.136841
0 0.217762 0.926565 0.122246 0.097546
0 0.328131 0.978450 0.114885 0.043099
1 0.571612 0.731338 0.103106 0.101325
2 0.325464 0.806674 0.092268 0.064568
1 0.248256 0.482629 0.078080 0.070182
0 0.353013 0.463913 0.109861 0.066808
0 0.298365 0.536155 0.149519 0.108078
1 0.286004 0.632039 0.102291 0.087184
1 0.490136 0.738794 0.073352 0.064002
1 0.733067 0.564149 0.133289 0.096437
1 0.624585 0.574650 0.114350 0.097363
1 0.834465 0.354535 0.128420 0.099007
2 0.319119 0.254821 0.088186 0.069078
2 0.323337 0.156012 0.069468 0.061708
1 0.449157 0.056713 0.087054 0.068552
1 0.368259 0.325179 0.077452 0.067843
1 0.804911 0.221054 0.137484 0.107554
1 0.685245 0.158671 0.123833 0.118660
0 0.249824 0.981653 0.075774 0.036693
0 0.270287 0.106854 0.074140 0.058590
