2 0.923016 0.955320 0.065625 0.064234
2 0.261656 0.980773 0.047938 0.038453
1 0.881320 0.713297 0.077266 0.081000
2 0.938719 0.701789 0.042125 0.045891
2 0.953508 0.863398 0.037234 0.037703
1 0.574297 0.840992 0.060156 0.061547
1 0.497641 0.803094 0.077187 0.053188
1 0.099500 0.923328 0.056750 0.053094
1 0.238430 0.684578 0.102391 0.078187
1 0.419250 0.570320 0.083313 0.092609
1 0.399000 0.382734 0.096812 0.089781
1 0.369445 0.454430 0.062828 0.042359
1 0.189563 0.570320 0.126594 0.114953
1 0.087406 0.243594 0.095406 0.070281
1 0.075047 0.178672 0.093969 0.070750
1 0.356875 0.093500 0.078656 0.080062
0 0.409008 0.148859 0.070266 0.064187
1 0.442516 0.039047 0.064688 0.045625
0 0.371305 0.029969 0.072141 0.057250
2 0.759414 0.120516 0.090922 0.049469
0 0.770992 0.058773 0.106359 0.071609
1 0.894555 0.120313 0.078891 0.068375
0 0.864828 0.223695 0.039719 0.045516
1 0.870836 0.370633 0.073203 0.055109
1 0.869031 0.488898 0.062344 0.089703
2 0.975609 0.539930 0.042812 0.038641
1 0.857617 0.790375 0.067797 0.055281
2 0.725383 0.391313 0.044641 0.057125
0 0.809937 0.474133 0.055906 0.064766
0 0.363305 0.239641 0.082391 0.057719
1 0.907141 0.315297 0.053062 0.061844
0 0.951055 0.373031 0.053109 0.060969
0 0.889734 0.024922 0.070312 0.049844
0 0.693797 0.057953 0.049594 0.041469
