1 0.532953 0.086938 0.088437 0.087500
1 0.225305 0.640672 0.075609 0.051500
1 0.022359 0.118352 0.044719 0.094953
1 0.070938 0.757094 0.127625 0.097469
1 0.100820 0.691414 0.071078 0.058734
1 0.210375 0.833023 0.098594 0.096391
1 0.193984 0.715898 0.086156 0.094766
1 0.194789 0.461187 0.080234 0.078625
1 0.041258 0.510453 0.082516 0.069469
1 0.572688 0.354133 0.074906 0.080234
1 0.187680 0.331516 0.087766 0.063000
1 0.044164 0.352789 0.088328 0.068922
1 0.481195 0.247883 0.074016 0.075859
1 0.313094 0.725398 0.074469 0.057953
