2 0.747320 0.767711 0.033047 0.054453
2 0.236203 0.917242 0.053844 0.064078
2 0.840617 0.977164 0.053391 0.039203
1 0.494914 0.632305 0.059172 0.057516
2 0.477445 0.875883 0.062578 0.038203
0 0.435727 0.926625 0.077172 0.061187
0 0.393141 0.871539 0.080313 0.053922
2 0.157250 0.937094 0.050750 0.063969
2 0.088070 0.922812 0.062578 0.052187
1 0.121445 0.971297 0.048672 0.049719
2 0.109297 0.783594 0.075219 0.060344
1 0.392633 0.728359 0.049891 0.057125
2 0.016711 0.418398 0.032391 0.067922
0 0.030781 0.306531 0.061562 0.083562
2 0.437875 0.103438 0.061125 0.057313
2 0.092805 0.136500 0.087953 0.096344
2 0.028164 0.037820 0.048266 0.055109
2 0.018703 0.140992 0.037406 0.056328
2 0.283602 0.146969 0.041266 0.036062
1 0.426625 0.183469 0.044500 0.044156
