2 0.348444 0.561787 0.038319 0.070969
0 0.517512 0.316426 0.036359 0.058054
2 0.451734 0.368382 0.045273 0.087152
2 0.393718 0.777936 0.051463 0.083941
2 0.439254 0.914545 0.040793 0.061804
2 0.375709 0.036761 0.039910 0.073522
2 0.406746 0.029316 0.034627 0.058632
2 0.287614 0.046770 0.036667 0.054292
2 0.269896 0.072133 0.042122 0.058832
2 0.248057 0.187061 0.061114 0.093137
2 0.368117 0.669034 0.031715 0.048241
2 0.384774 0.540473 0.031466 0.055308
2 0.312622 0.472809 0.030530 0.053078
0 0.502491 0.351865 0.025973 0.041151
2 0.406040 0.456111 0.040587 0.067845
0 0.585485 0.653428 0.051441 0.078245
2 0.297012 0.318436 0.050953 0.067484
2 0.193185 0.067633 0.060252 0.062559
2 0.196178 0.127199 0.036039 0.050368
0 0.228754 0.118727 0.031041 0.051536
2 0.481207 0.446586 0.036272 0.062427
2 0.555321 0.526814 0.028349 0.046280
0 0.587213 0.561268 0.035277 0.048691
2 0.506246 0.538278 0.029444 0.054328
0 0.553954 0.645356 0.027743 0.044462
2 0.463455 0.132804 0.045394 0.082333
2 0.509371 0.985184 0.039404 0.029632
0 0.513519 0.921978 0.038925 0.064477
2 0.629448 0.883420 0.042758 0.067805
0 0.608372 0.808872 0.039161 0.064683
