1 0.559172 0.248516 0.043844 0.059125
1 0.563633 0.562266 0.092141 0.115781
1 0.261805 0.655422 0.096984 0.083469
2 0.807359 0.215859 0.051656 0.065625
2 0.855766 0.389461 0.058187 0.053516
2 0.944898 0.468352 0.054922 0.064234
2 0.947383 0.773172 0.045391 0.039594
1 0.904891 0.242883 0.056062 0.062922
0 0.623266 0.301453 0.059812 0.072906
1 0.492781 0.158609 0.092969 0.096938
1 0.133305 0.290711 0.092922 0.071203
1 0.286383 0.336969 0.075672 0.066375
1 0.900141 0.077719 0.082906 0.073219
0 0.475508 0.282305 0.130734 0.141203
1 0.231578 0.763039 0.043031 0.055109
1 0.328437 0.721609 0.047063 0.053500
1 0.109617 0.739023 0.078828 0.069984
