1 0.449445 0.045961 0.118953 0.089391
1 0.193430 0.335711 0.119859 0.077641
1 0.307469 0.400867 0.114656 0.086484
1 0.160062 0.660758 0.127625 0.099078
1 0.110914 0.745055 0.133016 0.089922
1 0.152109 0.818555 0.101250 0.073234
1 0.233156 0.854914 0.059781 0.058703
1 0.280000 0.798641 0.083469 0.070000
1 0.267297 0.715336 0.088969 0.089359
1 0.355289 0.810984 0.080516 0.082375
1 0.513992 0.703242 0.080516 0.085641
1 0.360641 0.633195 0.088438 0.080516
1 0.368609 0.313578 0.070000 0.044250
1 0.800047 0.225898 0.109375 0.097734
0 0.940828 0.325273 0.065156 0.084234
1 0.862156 0.346219 0.089406 0.087031
2 0.323320 0.194195 0.063953 0.043859
1 0.901195 0.622703 0.082453 0.080781
2 0.918477 0.528461 0.049922 0.055109
2 0.900836 0.733305 0.058328 0.047016
1 0.630211 0.983477 0.057391 0.033047
1 0.417266 0.966656 0.081031 0.066687
1 0.485008 0.817289 0.094078 0.073516
1 0.061328 0.843953 0.059531 0.056312
1 0.033758 0.769531 0.067516 0.086500
1 0.077539 0.655617 0.095734 0.064766
1 0.044906 0.106055 0.089812 0.059578
1 0.189883 0.020453 0.072609 0.040906
1 0.801164 0.515492 0.071203 0.058641
1 0.428281 0.665328 0.052281 0.049844
1 0.071180 0.366133 0.047984 0.047016
1 0.748938 0.317398 0.051156 0.048953
1 0.509719 0.594281 0.080031 0.063437
