2 0.497555 0.768367 0.050453 0.051047
1 0.315328 0.881859 0.065937 0.057188
2 0.315875 0.735398 0.062500 0.039016
1 0.089109 0.873867 0.078875 0.052578
2 0.051859 0.976195 0.069250 0.046016
2 0.024398 0.855898 0.048797 0.078016
1 0.345531 0.523781 0.039625 0.040594
1 0.126852 0.780094 0.073891 0.037125
2 0.107937 0.735539 0.117844 0.054016
2 0.027992 0.623039 0.044859 0.039609
2 0.022750 0.513508 0.045500 0.080641
0 0.261102 0.507367 0.078047 0.065734
2 0.390633 0.698953 0.060422 0.098437
2 0.290703 0.798891 0.071000 0.074937
0 0.341875 0.934219 0.056563 0.060313
2 0.314219 0.329367 0.058312 0.033391
1 0.243187 0.292695 0.053063 0.060234
2 0.027859 0.220320 0.055719 0.081953
2 0.346336 0.476094 0.048484 0.039000
2 0.207891 0.338891 0.041625 0.065406
2 0.160461 0.355633 0.051203 0.039047
2 0.309891 0.279570 0.033969 0.022578
2 0.315430 0.677500 0.060484 0.072750
2 0.445453 0.840234 0.061750 0.085219
