0 0.202266 0.364141 0.052594 0.057719
1 0.215047 0.112961 0.101031 0.108609
1 0.533625 0.140352 0.091719 0.114922
1 0.619266 0.215531 0.058219 0.053062
1 0.648820 0.261148 0.052172 0.046547
0 0.613234 0.308156 0.076781 0.087500
2 0.676531 0.341898 0.058188 0.036766
1 0.681242 0.422625 0.076828 0.085875
1 0.756305 0.055680 0.047203 0.042672
0 0.348555 0.459883 0.101922 0.106578
1 0.026461 0.554125 0.052922 0.071219
0 0.027555 0.424273 0.054453 0.069359
0 0.035766 0.489438 0.071531 0.057250
1 0.042203 0.752516 0.059281 0.078094
1 0.087961 0.862383 0.095922 0.111484
2 0.360727 0.914875 0.052172 0.052781
2 0.387922 0.753969 0.072656 0.038938
1 0.364453 0.796906 0.085531 0.064313
0 0.440664 0.842789 0.077578 0.091766
1 0.808156 0.977461 0.092281 0.045078
1 0.373617 0.662711 0.066609 0.062359
1 0.726281 0.110023 0.072875 0.068391
1 0.940523 0.926742 0.063297 0.068891
0 0.765523 0.839648 0.076516 0.086172
1 0.854648 0.830758 0.053359 0.070547
2 0.846383 0.917687 0.054922 0.050063
0 0.913172 0.071906 0.039969 0.036063
0 0.759953 0.928641 0.060219 0.046938
2 0.652187 0.034273 0.041875 0.025734
0 0.646352 0.679281 0.067297 0.059500
