0 0.746508 0.244375 0.078516 0.049844
0 0.071039 0.207531 0.069391 0.092625
2 0.109203 0.318070 0.063813 0.072609
2 0.050797 0.321320 0.054969 0.046547
2 0.186703 0.309227 0.040063 0.046547
0 0.176484 0.446289 0.103312 0.077734
2 0.109680 0.521687 0.074047 0.055375
2 0.083633 0.473516 0.040484 0.035375
2 0.482453 0.658773 0.070062 0.073391
2 0.486359 0.377773 0.066281 0.077547
2 0.564203 0.371039 0.079687 0.088859
0 0.501469 0.545781 0.079156 0.084000
1 0.413398 0.260109 0.059297 0.061937
2 0.501469 0.265500 0.067313 0.071625
2 0.535930 0.203031 0.066234 0.081313
0 0.387008 0.119289 0.090516 0.065703
0 0.431703 0.173141 0.061437 0.074313
2 0.565281 0.026930 0.042000 0.052234
2 0.035844 0.014922 0.049594 0.029844
0 0.484344 0.091984 0.059781 0.051156
2 0.919570 0.351406 0.059297 0.056719
2 0.763633 0.386445 0.042547 0.041703
