1 0.201625 0.344187 0.103594 0.104250
1 0.457328 0.756477 0.135000 0.111609
1 0.479047 0.866414 0.084875 0.072172
0 0.683563 0.951297 0.063500 0.070844
0 0.831594 0.669594 0.156375 0.114281
1 0.154313 0.771445 0.139688 0.122297
0 0.268945 0.750727 0.080234 0.078203
0 0.325070 0.697594 0.057484 0.064156
1 0.038898 0.772453 0.077797 0.100250
2 0.051227 0.460477 0.055547 0.054797
1 0.093992 0.514938 0.106328 0.072844
1 0.579648 0.446703 0.077234 0.094063
1 0.723375 0.437148 0.103625 0.094891
1 0.907180 0.275086 0.139672 0.111609
1 0.802922 0.254359 0.086219 0.083531
0 0.722727 0.272055 0.075516 0.134953
1 0.788555 0.346258 0.080203 0.048109
1 0.208000 0.437172 0.063938 0.055906
0 0.130695 0.078359 0.170203 0.156719
0 0.704375 0.046422 0.130531 0.092844
1 0.831867 0.976344 0.090891 0.047312
0 0.374594 0.058758 0.221219 0.117328
