1 0.083945 0.541414 0.117547 0.114453
1 0.285750 0.470969 0.118313 0.081875
1 0.303617 0.535398 0.078859 0.052797
1 0.409648 0.426906 0.088672 0.063062
1 0.110773 0.382359 0.136297 0.097344
1 0.225617 0.383797 0.086734 0.056094
1 0.205430 0.857906 0.115516 0.099344
1 0.118438 0.946008 0.097937 0.073359
0 0.072039 0.875242 0.074266 0.070766
1 0.335039 0.884734 0.120391 0.081969
2 0.450711 0.852781 0.054797 0.046781
1 0.319391 0.819359 0.095562 0.081531
1 0.112180 0.776250 0.092828 0.082188
0 0.411281 0.803992 0.069500 0.054797
2 0.749781 0.682656 0.040437 0.054875
1 0.141250 0.089609 0.098187 0.120719
1 0.282195 0.057266 0.100516 0.113781
1 0.963859 0.059078 0.065500 0.065500
0 0.368883 0.534453 0.047516 0.079531
0 0.299305 0.149523 0.143828 0.074234
0 0.379727 0.079930 0.068047 0.080422
1 0.067391 0.455391 0.065562 0.079531
