2 0.803016 0.203281 0.052344 0.107188
0 0.547352 0.947547 0.061953 0.070281
0 0.534094 0.854922 0.063344 0.087969
0 0.230523 0.971375 0.081547 0.057250
2 0.152305 0.959320 0.067828 0.059109
2 0.541234 0.723922 0.056062 0.065156
2 0.507875 0.626188 0.046312 0.044156
2 0.219508 0.626461 0.042547 0.052234
1 0.230789 0.486711 0.109359 0.092609
1 0.116352 0.425328 0.048516 0.058156
2 0.057688 0.430172 0.046312 0.044156
2 0.088914 0.241695 0.091547 0.093703
2 0.487656 0.346430 0.105063 0.093172
2 0.540453 0.483750 0.067312 0.063000
1 0.414984 0.451437 0.069469 0.083469
2 0.667516 0.673305 0.051219 0.045766
2 0.627688 0.706422 0.049000 0.047375
2 0.700664 0.624844 0.057078 0.055469
0 0.977414 0.881328 0.045172 0.093687
2 0.847641 0.658391 0.072219 0.052781
2 0.882172 0.757203 0.048406 0.073781
2 0.819531 0.567750 0.071656 0.077250
1 0.812680 0.422266 0.075391 0.080375
2 0.935734 0.349047 0.068531 0.079750
2 0.762836 0.286430 0.085359 0.056703
2 0.865047 0.207305 0.048031 0.096578
2 0.595539 0.238148 0.098453 0.056078
2 0.429648 0.222070 0.073578 0.057328
1 0.425727 0.148961 0.079203 0.088859
1 0.584820 0.415328 0.077859 0.069937
1 0.052570 0.034320 0.094922 0.068641
2 0.040922 0.090539 0.069531 0.042422
0 0.370695 0.114070 0.064672 0.080234
2 0.730336 0.363258 0.055859 0.057234
1 0.663312 0.442617 0.054906 0.059578
2 0.764930 0.047461 0.050672 0.052234
1 0.976148 0.541742 0.047703 0.056547
0 0.856977 0.809828 0.058172 0.049812
2 0.505617 0.025102 0.052766 0.049547
2 0.714867 0.706687 0.039109 0.070281
