1 0.394164 0.463633 0.126703 0.093266
1 0.096141 0.131789 0.077813 0.086516
2 0.365945 0.067617 0.057266 0.062234
1 0.898273 0.158328 0.103359 0.096969
1 0.785984 0.204383 0.066750 0.071766
1 0.824867 0.125586 0.063234 0.072766
1 0.965625 0.173766 0.068750 0.076781
1 0.916156 0.398961 0.095813 0.113234
1 0.580875 0.455523 0.122312 0.113641
1 0.689391 0.468758 0.087375 0.063734
2 0.525305 0.191312 0.043547 0.041812
1 0.936938 0.804148 0.090844 0.104891
2 0.621016 0.920328 0.078281 0.070250
1 0.517359 0.952195 0.077844 0.063734
1 0.870437 0.530602 0.108000 0.103672
0 0.776992 0.513078 0.054266 0.073312
1 0.651250 0.789594 0.071188 0.079375
