0 0.365625 0.344516 0.067531 0.054344
1 0.499266 0.938336 0.092031 0.084578
1 0.228867 0.912914 0.105172 0.088953
1 0.797141 0.905086 0.081219 0.064484
1 0.802047 0.945680 0.072063 0.052703
1 0.935117 0.960250 0.082859 0.066781
1 0.882102 0.832250 0.093297 0.068094
1 0.709883 0.890727 0.072766 0.056422
1 0.729430 0.523406 0.114797 0.107187
1 0.818719 0.554578 0.069469 0.059469
1 0.723695 0.601531 0.073984 0.059906
1 0.361273 0.268172 0.127297 0.078031
1 0.475398 0.286453 0.053953 0.055656
0 0.455484 0.340133 0.057844 0.045578
2 0.230656 0.241312 0.038563 0.052156
1 0.024930 0.325984 0.049859 0.066469
1 0.551805 0.189250 0.105172 0.094219
1 0.719656 0.143891 0.111313 0.104312
1 0.651945 0.229352 0.088078 0.080641
1 0.583555 0.321594 0.108203 0.111750
1 0.806422 0.233727 0.108688 0.117453
1 0.955578 0.210945 0.088844 0.085016
1 0.822305 0.103469 0.097766 0.080688
1 0.884391 0.296531 0.071875 0.052594
1 0.849063 0.043891 0.092031 0.071594
