1 0.749023 0.051711 0.104297 0.093547
2 0.454320 0.829281 0.064266 0.063750
1 0.362633 0.856273 0.083828 0.053516
1 0.535789 0.825789 0.060516 0.057703
1 0.223891 0.344367 0.085281 0.105391
1 0.410273 0.329789 0.094297 0.094234
1 0.436953 0.475453 0.094781 0.086156
1 0.738758 0.408680 0.134141 0.089391
1 0.765953 0.275672 0.103437 0.106625
1 0.947102 0.667125 0.076141 0.079969
1 0.796023 0.695117 0.086266 0.095609
1 0.841594 0.766898 0.094125 0.072797
1 0.508328 0.677797 0.085687 0.079656
1 0.887336 0.610984 0.069703 0.072125
1 0.956484 0.595828 0.075406 0.065625
1 0.823133 0.629203 0.099359 0.057125
1 0.634297 0.103367 0.066594 0.077734
1 0.676875 0.030859 0.063344 0.061719
1 0.821398 0.073813 0.060016 0.065156
1 0.954992 0.293953 0.087047 0.069813
1 0.829562 0.321414 0.070750 0.070734
1 0.932633 0.226797 0.069859 0.065625
1 0.840469 0.253859 0.088656 0.083437
