1 0.176430 0.478359 0.068391 0.047063
1 0.269109 0.166336 0.089688 0.073609
1 0.156883 0.090711 0.096953 0.104984
2 0.360023 0.120477 0.061547 0.094516
1 0.655305 0.114641 0.079984 0.071594
1 0.756031 0.053297 0.100562 0.082469
1 0.418281 0.094109 0.075094 0.044500
1 0.130227 0.166016 0.073047 0.070219
1 0.757570 0.278477 0.069922 0.071266
1 0.530273 0.074836 0.078703 0.067016
1 0.065297 0.595781 0.060031 0.052594
1 0.874914 0.362023 0.064734 0.046578
1 0.749125 0.850094 0.107156 0.096938
1 0.670984 0.829203 0.059156 0.062750
1 0.636586 0.903422 0.072453 0.075219
1 0.821562 0.874180 0.061937 0.064766
1 0.890547 0.762148 0.138781 0.114234
1 0.672109 0.727758 0.047906 0.067984
2 0.223445 0.784430 0.062234 0.051109
1 0.062437 0.449406 0.124875 0.095875
1 0.760930 0.418516 0.103953 0.079625
1 0.776398 0.347250 0.076484 0.063625
1 0.892750 0.460133 0.102625 0.070797
1 0.916023 0.293203 0.060797 0.081250
1 0.558570 0.420641 0.092516 0.076438
1 0.635195 0.393883 0.077641 0.058328
1 0.443320 0.370758 0.074422 0.073203
1 0.319227 0.418227 0.064359 0.051484
1 0.298914 0.497469 0.074422 0.077219
