0 0.744594 0.546931 0.071803 0.049905
2 0.812880 0.283069 0.054677 0.036911
2 0.920150 0.276758 0.066362 0.051970
0 0.973973 0.707569 0.052055 0.074016
2 0.635133 0.812149 0.067444 0.064733
2 0.380739 0.641912 0.077448 0.045765
2 0.533601 0.400771 0.063826 0.042697
2 0.430884 0.451023 0.041480 0.034319
2 0.286846 0.557138 0.044059 0.049359
0 0.150757 0.701310 0.086582 0.096537
0 0.229916 0.727377 0.079840 0.081530
2 0.256995 0.654115 0.064236 0.042033
0 0.454115 0.653506 0.074314 0.061974
0 0.399216 0.403237 0.092731 0.065359
0 0.434996 0.347111 0.067646 0.051951
