1 0.757719 0.773797 0.081625 0.076000
1 0.866445 0.723930 0.076016 0.095984
0 0.531242 0.763828 0.124609 0.089719
0 0.531859 0.671930 0.157000 0.114016
2 0.493688 0.830406 0.092531 0.041031
1 0.233555 0.926914 0.102172 0.112234
0 0.470813 0.443125 0.087969 0.086094
1 0.557391 0.460586 0.100063 0.079141
0 0.370047 0.502930 0.082844 0.072609
1 0.434750 0.273477 0.135906 0.096797
1 0.724469 0.218562 0.084250 0.075406
0 0.795445 0.226477 0.067953 0.085641
1 0.811273 0.481984 0.093078 0.083781
1 0.728953 0.508852 0.065094 0.066359
0 0.386094 0.422898 0.072156 0.061266
2 0.734961 0.151367 0.076828 0.057922
1 0.720680 0.066695 0.067578 0.051078
1 0.396062 0.154344 0.072406 0.065156
1 0.868516 0.601930 0.053063 0.059578
1 0.812070 0.671266 0.060141 0.046250
