2 0.197217 0.040512 0.049630 0.081024
2 0.493018 0.057107 0.033155 0.064234
2 0.507923 0.158703 0.040584 0.053293
0 0.435251 0.232806 0.039520 0.046483
2 0.373660 0.575966 0.043034 0.080800
2 0.271422 0.531388 0.038100 0.048143
2 0.231407 0.346633 0.036358 0.084181
2 0.224764 0.144430 0.029960 0.051479
0 0.228193 0.917194 0.032593 0.058343
2 0.418162 0.849941 0.033825 0.073143
2 0.459927 0.713630 0.024172 0.051010
2 0.486979 0.450250 0.034398 0.073001
0 0.401996 0.184866 0.036714 0.071976
2 0.393472 0.302708 0.052046 0.055399
0 0.166321 0.234733 0.050885 0.067596
0 0.186358 0.638810 0.056139 0.116941
2 0.428228 0.916841 0.021187 0.030278
0 0.273218 0.730597 0.045850 0.073183
