0 0.589959 0.874044 0.048859 0.046049
2 0.715808 0.824205 0.045702 0.072605
2 0.730900 0.891020 0.036265 0.045824
2 0.463779 0.726503 0.036419 0.054536
2 0.355720 0.624912 0.055316 0.056132
0 0.408930 0.670707 0.062850 0.076875
0 0.366154 0.768846 0.057703 0.064145
0 0.415887 0.753360 0.056020 0.071424
0 0.508453 0.798821 0.068042 0.064984
0 0.496464 0.856525 0.060959 0.042246
0 0.603091 0.759776 0.043227 0.085860
0 0.578178 0.824927 0.056140 0.052142
0 0.665486 0.821712 0.055931 0.093377
0 0.672702 0.901699 0.050212 0.073330
0 0.096141 0.779364 0.060672 0.080827
2 0.362138 0.409234 0.048765 0.059460
0 0.235273 0.372044 0.035291 0.040837
0 0.245913 0.255448 0.044863 0.055942
2 0.454572 0.317282 0.060581 0.092402
0 0.532927 0.339858 0.056570 0.059006
2 0.583864 0.374065 0.042713 0.043830
2 0.752100 0.401874 0.047449 0.095072
