0 0.561008 0.279594 0.147297 0.145562
0 0.636672 0.361008 0.087219 0.071578
1 0.717859 0.252703 0.112094 0.103344
1 0.818625 0.321156 0.119562 0.081969
1 0.882453 0.552227 0.144406 0.120141
1 0.804766 0.618078 0.110313 0.076250
1 0.895414 0.925961 0.139016 0.110266
2 0.727672 0.973172 0.058812 0.053656
1 0.577289 0.956031 0.117609 0.086219
0 0.473039 0.969500 0.090891 0.061000
1 0.266062 0.703352 0.094906 0.072391
2 0.094828 0.742047 0.054969 0.051906
2 0.034195 0.777242 0.067391 0.047422
2 0.192180 0.663672 0.061953 0.062906
0 0.137539 0.673398 0.060391 0.070391
2 0.398352 0.576555 0.078922 0.089359
1 0.075922 0.327656 0.131688 0.102812
1 0.229570 0.311016 0.099359 0.060656
0 0.153906 0.363000 0.069313 0.049094
1 0.235930 0.403438 0.095891 0.049094
1 0.896844 0.191625 0.095312 0.079719
1 0.895398 0.133859 0.062391 0.048531
1 0.740305 0.163922 0.075672 0.057813
1 0.359977 0.020227 0.084391 0.040453
0 0.130391 0.048547 0.116094 0.078563
