0 0.081211 0.606953 0.049797 0.051656
2 0.297914 0.591547 0.073078 0.082375
2 0.364695 0.464398 0.055016 0.066516
0 0.386297 0.564508 0.080531 0.079578
2 0.393625 0.654945 0.094656 0.076609
1 0.275766 0.928531 0.066750 0.055969
2 0.340086 0.819406 0.056328 0.036156
2 0.648461 0.805328 0.050766 0.047625
1 0.711828 0.110414 0.072406 0.070797
0 0.532219 0.083469 0.050281 0.046656
2 0.172633 0.089094 0.072766 0.039438
2 0.251648 0.028969 0.045047 0.047063
2 0.292187 0.463695 0.053062 0.033516
2 0.244273 0.269102 0.038234 0.045234
