2 0.072190 0.746917 0.064913 0.036091
2 0.717437 0.743225 0.047296 0.021832
2 0.053236 0.611655 0.041735 0.025660
2 0.041137 0.698524 0.036848 0.021151
0 0.561805 0.301899 0.069437 0.036188
0 0.596861 0.237291 0.071166 0.032525
2 0.219723 0.295905 0.089367 0.028852
0 0.207546 0.263167 0.104738 0.041104
0 0.118417 0.353878 0.039383 0.025397
2 0.018045 0.526005 0.036090 0.021799
2 0.256796 0.439926 0.044349 0.031738
0 0.175539 0.486459 0.055444 0.036122
0 0.607674 0.349283 0.081167 0.033044
0 0.036484 0.436050 0.052662 0.034017
0 0.091276 0.248161 0.069276 0.028514
0 0.282806 0.260708 0.048954 0.023490
