2 0.609844 0.964680 0.102906 0.070641
2 0.286500 0.923211 0.062938 0.082859
2 0.117391 0.181938 0.065875 0.054719
2 0.141664 0.331859 0.045547 0.059188
0 0.636258 0.774813 0.105016 0.102313
0 0.525375 0.504328 0.049219 0.075281
2 0.631406 0.862586 0.107156 0.067859
0 0.566445 0.032242 0.082578 0.064484
2 0.370430 0.124531 0.077578 0.070062
0 0.365008 0.056555 0.080078 0.065891
2 0.061258 0.301641 0.086609 0.062312
2 0.037578 0.217523 0.057938 0.072266
0 0.874984 0.122195 0.081625 0.113391
2 0.540672 0.825969 0.058156 0.057094
1 0.557219 0.199766 0.080375 0.072906
2 0.450984 0.134344 0.063563 0.076625
2 0.598938 0.410266 0.041812 0.049281
2 0.438805 0.447680 0.064234 0.087859
2 0.514508 0.339266 0.138391 0.080375
2 0.608445 0.570188 0.067484 0.079125
2 0.611234 0.490359 0.058188 0.061906
0 0.501398 0.655359 0.093547 0.096813
