1 0.590539 0.592812 0.096672 0.071375
1 0.580813 0.685820 0.061344 0.056953
1 0.718898 0.559289 0.069203 0.066328
1 0.076648 0.351094 0.096609 0.080750
1 0.877773 0.862641 0.107703 0.100156
1 0.730766 0.849180 0.078625 0.062453
1 0.660758 0.929148 0.109859 0.073766
1 0.460695 0.940719 0.142703 0.074313
1 0.493812 0.849445 0.090469 0.078078
1 0.559789 0.929414 0.077016 0.063547
1 0.762938 0.964203 0.087281 0.065156
0 0.164961 0.731117 0.125297 0.143297
1 0.481734 0.599930 0.084281 0.098203
1 0.834547 0.516844 0.166156 0.141500
1 0.948195 0.574148 0.103609 0.077141
1 0.526992 0.165172 0.077547 0.070000
1 0.873250 0.104258 0.077125 0.056234
1 0.432109 0.260383 0.072156 0.073234
1 0.748750 0.223492 0.099094 0.074859
1 0.856367 0.163156 0.081484 0.069219
1 0.349398 0.624172 0.075766 0.064875
