2 0.307236 0.930714 0.069949 0.080658
2 0.675982 0.972550 0.050992 0.054900
0 0.683845 0.827507 0.071497 0.082942
0 0.720798 0.755130 0.116154 0.125925
0 0.786520 0.652743 0.116222 0.128816
0 0.823071 0.494248 0.056010 0.070616
2 0.817309 0.397641 0.063446 0.065673
2 0.873951 0.244106 0.055103 0.075607
0 0.441012 0.583394 0.073740 0.064156
0 0.395101 0.612345 0.095196 0.085344
0 0.284109 0.677763 0.064243 0.072710
2 0.335091 0.817179 0.072922 0.077199
2 0.244891 0.948995 0.055457 0.087470
0 0.083828 0.567214 0.066226 0.078270
2 0.011427 0.655892 0.022853 0.059195
0 0.145037 0.526963 0.063749 0.085697
2 0.194965 0.447815 0.041643 0.063240
2 0.321315 0.545070 0.088651 0.127477
2 0.381779 0.464437 0.072997 0.071039
2 0.400875 0.371865 0.055177 0.084590
2 0.493464 0.363297 0.074326 0.071786
2 0.514099 0.221324 0.083056 0.110963
2 0.444248 0.186317 0.062525 0.060709
2 0.587352 0.211806 0.050167 0.077652
2 0.602806 0.039313 0.080330 0.078626
2 0.693658 0.062871 0.047146 0.053296
2 0.352370 0.025852 0.052519 0.051705
2 0.241761 0.086375 0.061835 0.049632
0 0.266406 0.159718 0.074353 0.080227
2 0.160188 0.292411 0.066801 0.073867
0 0.106292 0.269652 0.054353 0.058660
2 0.130141 0.100858 0.058456 0.048523
2 0.835143 0.293478 0.059229 0.063942
0 0.874215 0.456221 0.069848 0.073767
