0 0.688889 0.478012 0.053933 0.086809
2 0.621269 0.023529 0.040633 0.047057
2 0.676327 0.025360 0.052186 0.050721
0 0.884389 0.764177 0.070051 0.129066
2 0.734954 0.942834 0.057805 0.112988
2 0.531206 0.639664 0.054946 0.079434
2 0.517940 0.217831 0.047275 0.074235
2 0.482687 0.304688 0.033353 0.059817
2 0.447337 0.489179 0.040592 0.086264
0 0.431289 0.740721 0.079585 0.168712
0 0.484057 0.787738 0.070390 0.142384
2 0.469639 0.659292 0.047204 0.073059
0 0.575154 0.661143 0.059951 0.108027
0 0.446816 0.220176 0.070016 0.113711
0 0.443836 0.121997 0.052785 0.090475
