1 0.632273 0.052352 0.096391 0.087234
1 0.099555 0.860539 0.097516 0.059234
1 0.339781 0.428305 0.059937 0.058703
1 0.272547 0.503453 0.049000 0.044156
1 0.107469 0.457422 0.075438 0.057625
1 0.073031 0.674430 0.063531 0.056547
1 0.189078 0.451219 0.064094 0.074313
1 0.734656 0.452016 0.078656 0.077719
1 0.367734 0.928664 0.105063 0.103922
1 0.753750 0.370563 0.052594 0.051656
1 0.110594 0.955852 0.115281 0.071078
1 0.209437 0.859734 0.075938 0.107156
1 0.101805 0.532273 0.088922 0.088859
1 0.188812 0.613586 0.082937 0.078078
1 0.115547 0.611695 0.070062 0.068922
1 0.354914 0.542773 0.082453 0.079703
1 0.434102 0.962805 0.057609 0.045234
1 0.347273 0.827688 0.089984 0.078625
1 0.260297 0.786227 0.084063 0.071078
1 0.034156 0.917352 0.066781 0.070547
0 0.782508 0.163281 0.072703 0.064625
1 0.582461 0.157359 0.065703 0.053844
1 0.351711 0.136898 0.050078 0.054922
2 0.159461 0.047773 0.080234 0.045766
1 0.140070 0.214703 0.113609 0.095281
1 0.041359 0.151438 0.082719 0.092625
2 0.883594 0.715070 0.066562 0.044672
1 0.694008 0.194766 0.082391 0.065719
1 0.319023 0.651609 0.074141 0.069781
1 0.632539 0.346648 0.057078 0.056547
1 0.465445 0.818117 0.062578 0.039297
2 0.835820 0.553383 0.059984 0.032172
