2 0.108773 0.118336 0.047266 0.041547
0 0.343320 0.828047 0.048078 0.049875
1 0.238242 0.479711 0.061297 0.077516
0 0.287328 0.754422 0.082438 0.075094
0 0.216242 0.745219 0.068141 0.083094
0 0.279344 0.854461 0.075656 0.092922
2 0.400867 0.722844 0.038234 0.049000
0 0.590391 0.609148 0.127625 0.115109
2 0.353242 0.592922 0.041078 0.046656
0 0.073531 0.766867 0.051656 0.053516
0 0.031766 0.737078 0.063531 0.103781
2 0.171086 0.297102 0.059828 0.075703
2 0.115305 0.844055 0.053234 0.046578
2 0.321227 0.412406 0.063766 0.039563
2 0.462211 0.163273 0.082109 0.063953
2 0.373336 0.106961 0.065172 0.061547
