1 0.737180 0.761461 0.080641 0.088078
1 0.972977 0.299727 0.054047 0.089172
1 0.724781 0.024898 0.107937 0.049797
1 0.528992 0.455922 0.109016 0.103437
1 0.631922 0.458461 0.080625 0.061859
1 0.793711 0.316766 0.076484 0.074594
1 0.196391 0.839227 0.107813 0.092953
1 0.479492 0.857828 0.101672 0.091594
1 0.592781 0.887891 0.093344 0.077125
1 0.753398 0.857211 0.103422 0.083266
1 0.766547 0.688227 0.091156 0.068797
1 0.878430 0.829742 0.083703 0.083266
1 0.902750 0.765312 0.087656 0.058719
1 0.934961 0.700461 0.075828 0.068359
1 0.211297 0.080219 0.130594 0.108688
1 0.583391 0.107187 0.079781 0.062187
1 0.532352 0.046875 0.089172 0.064531
1 0.437719 0.757516 0.123781 0.090937
1 0.658195 0.522727 0.083891 0.073328
1 0.674852 0.849039 0.092328 0.081453
1 0.533750 0.743016 0.104312 0.071875
1 0.830984 0.392242 0.067969 0.054328
1 0.259367 0.899992 0.085016 0.061797
