1 0.922836 0.693828 0.095266 0.090031
1 0.953773 0.890781 0.068828 0.081344
1 0.887891 0.749969 0.062937 0.050063
1 0.696633 0.939469 0.106109 0.121063
1 0.246992 0.935492 0.076922 0.063703
0 0.162117 0.592594 0.071609 0.067094
1 0.285062 0.330711 0.067781 0.057391
2 0.711406 0.663359 0.047781 0.059500
1 0.563109 0.228516 0.078844 0.056719
1 0.541789 0.169187 0.070797 0.065969
1 0.671727 0.090156 0.066766 0.067187
2 0.785562 0.034836 0.058719 0.067578
0 0.861984 0.049922 0.088500 0.076031
1 0.562711 0.107844 0.080453 0.085687
1 0.623859 0.116492 0.062750 0.092516
1 0.473008 0.090750 0.051484 0.053094
0 0.112250 0.151812 0.064000 0.073219
1 0.628500 0.612984 0.097813 0.077250
1 0.679867 0.539461 0.071641 0.055922
1 0.606453 0.515930 0.088031 0.105391
0 0.889023 0.521758 0.063547 0.058328
1 0.867297 0.436688 0.096531 0.094938
1 0.964891 0.332305 0.065563 0.055109
0 0.895281 0.314406 0.064000 0.065969
