1 0.548656 0.793156 0.080813 0.071375
2 0.560219 0.863906 0.043281 0.055844
1 0.682336 0.741453 0.072453 0.056344
1 0.948992 0.329773 0.093328 0.071203
1 0.905758 0.399359 0.073609 0.057531
1 0.681555 0.412359 0.142422 0.101937
1 0.703195 0.493109 0.093547 0.069813
1 0.581023 0.513820 0.093078 0.059109
1 0.301312 0.490320 0.112625 0.085641
1 0.205672 0.577344 0.074938 0.056781
1 0.086992 0.443313 0.124266 0.106125
0 0.049195 0.836789 0.098391 0.163234
0 0.111477 0.888500 0.087234 0.082250
1 0.420195 0.728883 0.090922 0.074828
1 0.526758 0.030437 0.077734 0.051656
1 0.139992 0.180297 0.081453 0.074000
1 0.890437 0.119516 0.093469 0.057937
1 0.600086 0.161578 0.087234 0.079750
1 0.805672 0.089594 0.089781 0.072938
1 0.073406 0.085586 0.131781 0.135953
1 0.585422 0.304430 0.079687 0.047391
1 0.912023 0.850906 0.086172 0.046312
1 0.974219 0.808359 0.049000 0.062469
0 0.906336 0.653539 0.078672 0.059766
1 0.315563 0.200391 0.077937 0.071031
1 0.530242 0.163625 0.068547 0.079750
0 0.134469 0.543445 0.067906 0.095328
