1 0.671922 0.494688 0.052500 0.050750
1 0.795867 0.434734 0.053547 0.062906
1 0.788188 0.582703 0.081438 0.079125
1 0.682133 0.889789 0.064078 0.068391
1 0.763719 0.935281 0.071094 0.088312
0 0.357062 0.810758 0.056312 0.081922
0 0.650141 0.059352 0.120625 0.118703
1 0.377516 0.944602 0.089250 0.092234
0 0.757305 0.819461 0.126172 0.076797
1 0.695641 0.784320 0.054031 0.053984
1 0.977680 0.573672 0.044641 0.070750
0 0.557000 0.476906 0.117188 0.110906
2 0.666188 0.365531 0.096656 0.053188
1 0.291016 0.461023 0.143250 0.073234
