0 0.790875 0.494289 0.085281 0.096547
2 0.872930 0.432344 0.065172 0.062750
0 0.908250 0.754422 0.089719 0.073531
0 0.559648 0.836352 0.065422 0.065422
0 0.491734 0.865641 0.061687 0.049219
0 0.497961 0.800219 0.046734 0.049219
0 0.605406 0.743203 0.069844 0.048594
2 0.406680 0.584633 0.095953 0.095328
2 0.806039 0.642891 0.051141 0.052344
2 0.415648 0.932602 0.045453 0.063109
1 0.549570 0.688516 0.053922 0.055625
2 0.460641 0.703477 0.108938 0.086516
2 0.061828 0.612953 0.068375 0.055906
2 0.445445 0.280641 0.058641 0.047469
1 0.025609 0.084797 0.051219 0.065094
0 0.481680 0.401898 0.096453 0.086703
