1 0.882164 0.808445 0.075266 0.071203
2 0.423375 0.233320 0.053563 0.046172
1 0.072688 0.064367 0.119063 0.076016
0 0.496219 0.732773 0.065062 0.063391
0 0.827844 0.528898 0.082375 0.064234
1 0.406422 0.569914 0.079687 0.077547
1 0.583320 0.637492 0.059766 0.060859
1 0.883531 0.435828 0.053844 0.062469
1 0.447453 0.675273 0.047469 0.051203
1 0.500242 0.604992 0.107641 0.105953
1 0.753344 0.600414 0.080125 0.080109
0 0.159367 0.655602 0.095391 0.114641
0 0.069016 0.797969 0.070469 0.062938
1 0.795281 0.851109 0.069625 0.059094
