1 0.274313 0.147266 0.060375 0.041844
1 0.485906 0.535344 0.070469 0.080375
1 0.272086 0.747266 0.096141 0.074406
1 0.187188 0.876188 0.067219 0.063563
1 0.869531 0.777719 0.118313 0.066375
1 0.924859 0.833227 0.055906 0.051078
1 0.712453 0.866008 0.069625 0.061141
1 0.705609 0.758813 0.117094 0.093719
1 0.607883 0.782344 0.085672 0.070781
1 0.757523 0.706516 0.067172 0.063156
1 0.959875 0.756320 0.080250 0.055516
1 0.901102 0.441477 0.077203 0.060328
1 0.948758 0.512070 0.055922 0.045453
2 0.717906 0.384117 0.072406 0.067578
0 0.819234 0.136414 0.104719 0.046078
2 0.768563 0.066164 0.046906 0.047484
1 0.566570 0.031133 0.109859 0.062266
1 0.592078 0.140867 0.130719 0.109016
1 0.426953 0.132820 0.105375 0.083266
1 0.179969 0.152352 0.087688 0.071578
1 0.413500 0.064000 0.061188 0.050687
