1 0.522414 0.735234 0.061547 0.072406
0 0.442883 0.197523 0.046734 0.054828
0 0.505500 0.213414 0.082250 0.052953
0 0.513289 0.274781 0.097828 0.087219
0 0.455391 0.293477 0.036719 0.117141
2 0.732609 0.210297 0.072906 0.054219
1 0.814461 0.382664 0.046703 0.054297
0 0.826953 0.563680 0.111812 0.099359
0 0.848680 0.695219 0.123891 0.096937
1 0.843023 0.769227 0.068422 0.049484
1 0.760766 0.651164 0.051938 0.048266
1 0.624203 0.954539 0.091469 0.082734
1 0.559617 0.652375 0.090109 0.098156
0 0.473133 0.644531 0.086078 0.105781
1 0.483852 0.965758 0.075391 0.068484
0 0.573250 0.977875 0.064625 0.044250
0 0.160961 0.582695 0.053578 0.053984
1 0.141414 0.464719 0.061953 0.053531
1 0.434859 0.487055 0.051250 0.045141
1 0.068969 0.050789 0.102375 0.098547
1 0.326586 0.113469 0.045547 0.048594
1 0.671586 0.173813 0.039859 0.046656
