2 0.070258 0.074539 0.096453 0.068391
0 0.203273 0.105508 0.099672 0.085078
0 0.319883 0.098234 0.123859 0.155625
1 0.406023 0.037945 0.129297 0.075891
2 0.554648 0.052461 0.085141 0.084547
1 0.782727 0.064578 0.086703 0.078625
1 0.534477 0.162055 0.064078 0.059234
2 0.947516 0.039828 0.103937 0.079656
1 0.246258 0.582406 0.104047 0.090969
0 0.344062 0.837711 0.085094 0.100703
0 0.174977 0.774477 0.095859 0.077609
2 0.101469 0.878906 0.086688 0.073250
1 0.482563 0.409055 0.139469 0.091547
1 0.764742 0.472602 0.110391 0.128172
1 0.673734 0.463453 0.101781 0.126000
1 0.911219 0.340398 0.074844 0.106078
0 0.242453 0.860789 0.181656 0.204359
2 0.169531 0.464797 0.071625 0.071625
0 0.095219 0.509492 0.079156 0.068391
1 0.043703 0.454563 0.087406 0.099625
0 0.942594 0.770508 0.096937 0.074828
0 0.658734 0.735805 0.134594 0.112141
0 0.503586 0.827398 0.193141 0.185672
