0 0.958673 0.194659 0.082654 0.124037
0 0.859550 0.975866 0.100014 0.048269
2 0.759832 0.803439 0.090788 0.113603
2 0.848853 0.793577 0.085234 0.104413
2 0.738668 0.650792 0.081554 0.086804
0 0.695491 0.857144 0.083659 0.086445
2 0.541815 0.464413 0.107375 0.137108
2 0.608848 0.545339 0.096683 0.085951
0 0.625745 0.441617 0.114465 0.146618
2 0.557127 0.168502 0.089186 0.077972
0 0.505537 0.334602 0.128797 0.117533
2 0.594026 0.289857 0.094679 0.100774
2 0.142492 0.365417 0.078987 0.071043
2 0.245177 0.459034 0.089731 0.118978
2 0.012197 0.188144 0.024394 0.083250
0 0.045085 0.133842 0.090170 0.119625
2 0.403301 0.023901 0.128053 0.047802
2 0.509521 0.053730 0.125354 0.107460
