1 0.703227 0.523922 0.077234 0.070844
1 0.090984 0.590609 0.095406 0.057219
1 0.834750 0.134117 0.087094 0.099859
1 0.207242 0.562312 0.128984 0.094719
1 0.207742 0.688961 0.065109 0.060297
1 0.451313 0.608508 0.071563 0.081547
1 0.320516 0.572289 0.067719 0.048141
1 0.097336 0.937289 0.080297 0.092328
2 0.366078 0.870797 0.057719 0.067750
1 0.035742 0.692469 0.068109 0.068531
2 0.355281 0.671867 0.063750 0.038172
1 0.491023 0.711344 0.064672 0.061594
1 0.780406 0.501375 0.079281 0.068750
1 0.900328 0.517437 0.069313 0.077781
1 0.931258 0.445859 0.065797 0.067063
1 0.897156 0.940797 0.098031 0.058125
1 0.969836 0.969750 0.060328 0.060500
1 0.825156 0.926047 0.061594 0.074594
1 0.130953 0.336570 0.082812 0.073266
1 0.299078 0.199359 0.094844 0.094344
1 0.412750 0.250047 0.085312 0.060219
2 0.512367 0.204375 0.081797 0.090344
1 0.563555 0.186812 0.088828 0.047188
1 0.677977 0.156703 0.073766 0.053188
1 0.805703 0.211156 0.068250 0.066750
1 0.915570 0.158883 0.100234 0.071578
1 0.897586 0.060203 0.091953 0.059000
