1 0.588414 0.662148 0.060734 0.080047
1 0.456664 0.809008 0.075391 0.088859
0 0.536070 0.769156 0.083516 0.064094
1 0.184992 0.784773 0.116859 0.103922
1 0.279195 0.842125 0.075984 0.056000
2 0.127086 0.448367 0.048547 0.049203
1 0.121438 0.161562 0.076469 0.068937
1 0.047367 0.198430 0.083391 0.061891
1 0.141695 0.887414 0.051703 0.059234
1 0.191500 0.890906 0.053313 0.051156
0 0.873141 0.303836 0.100156 0.112547
1 0.895273 0.601953 0.077016 0.098000
1 0.963766 0.733664 0.072469 0.098547
1 0.905148 0.729539 0.050266 0.040953
1 0.928695 0.931445 0.064703 0.084234
