0 0.335554 0.584890 0.072073 0.096327
0 0.330387 0.517967 0.088206 0.085950
2 0.393885 0.476671 0.078686 0.149597
2 0.228076 0.077117 0.071648 0.138815
2 0.163232 0.052984 0.072148 0.105967
0 0.295199 0.047303 0.084995 0.094605
2 0.254909 0.265563 0.071208 0.134062
0 0.425339 0.619007 0.079572 0.119573
2 0.397463 0.791360 0.068791 0.090767
2 0.446702 0.940897 0.097583 0.118206
2 0.523179 0.977215 0.058373 0.045571
2 0.674445 0.623556 0.049701 0.082076
2 0.606826 0.516884 0.087350 0.122431
0 0.564735 0.156104 0.060723 0.079357
2 0.518262 0.177907 0.055294 0.098355
2 0.768045 0.175415 0.079295 0.108495
