1 0.469266 0.844453 0.109813 0.075219
1 0.629273 0.960281 0.094766 0.076625
1 0.693734 0.868188 0.091312 0.100969
1 0.765727 0.765977 0.076828 0.078359
1 0.585719 0.836211 0.098156 0.092516
1 0.427031 0.901773 0.082469 0.080453
1 0.302531 0.905594 0.097344 0.096125
1 0.517539 0.926914 0.104984 0.083266
1 0.163953 0.839016 0.084875 0.062750
1 0.114078 0.910414 0.103375 0.089703
1 0.048477 0.658570 0.080859 0.083266
1 0.030977 0.590977 0.061953 0.066328
1 0.218227 0.526414 0.071203 0.064328
1 0.304531 0.774289 0.052281 0.054984
1 0.497672 0.784742 0.089344 0.054797
1 0.450070 0.463922 0.096328 0.085531
1 0.377930 0.435937 0.077922 0.094219
1 0.680898 0.395430 0.085172 0.082734
1 0.538469 0.080586 0.079063 0.076016
2 0.420094 0.029852 0.080219 0.059703
1 0.117422 0.140109 0.111781 0.101875
1 0.044109 0.089031 0.066094 0.080219
1 0.184336 0.449422 0.073609 0.077531
1 0.103063 0.454375 0.106375 0.071219
1 0.395656 0.622687 0.046656 0.050281
1 0.275180 0.980289 0.086891 0.039422
