1 0.062203 0.907875 0.120625 0.101781
1 0.160594 0.261000 0.125469 0.117438
1 0.200711 0.346320 0.140016 0.106078
1 0.130219 0.508297 0.136687 0.118156
1 0.058727 0.641531 0.117453 0.122250
1 0.181219 0.942336 0.114156 0.096391
2 0.266836 0.951922 0.065703 0.096156
1 0.338438 0.964844 0.075438 0.070312
2 0.636969 0.895734 0.073531 0.070406
2 0.786195 0.887008 0.066672 0.038016
1 0.730383 0.542258 0.072141 0.073078
1 0.544758 0.505789 0.075422 0.086828
1 0.413844 0.526148 0.078437 0.059547
1 0.320367 0.641906 0.081859 0.073781
1 0.499898 0.239453 0.076641 0.061688
2 0.637609 0.171227 0.079969 0.058047
2 0.658125 0.228937 0.063281 0.068500
1 0.259953 0.255883 0.071719 0.076797
1 0.079609 0.138367 0.099187 0.078203
1 0.481484 0.168781 0.093594 0.081844
0 0.971914 0.210094 0.056172 0.091688
