1 0.673703 0.045406 0.110906 0.087938
2 0.541422 0.831031 0.091000 0.098000
2 0.889266 0.345188 0.072750 0.071625
2 0.602547 0.337391 0.060313 0.060312
2 0.332055 0.436609 0.073109 0.068875
2 0.504992 0.552305 0.095359 0.058703
2 0.647563 0.523445 0.072312 0.054578
2 0.144820 0.955875 0.067578 0.037406
2 0.028367 0.966938 0.055109 0.039406
2 0.036406 0.909211 0.072813 0.063953
1 0.830977 0.114711 0.091547 0.096391
1 0.674938 0.341313 0.072000 0.058719
1 0.885039 0.245039 0.100078 0.114484
1 0.915164 0.142156 0.086484 0.078438
1 0.782625 0.649297 0.072656 0.089687
1 0.645984 0.722000 0.107406 0.082062
1 0.354484 0.768781 0.105687 0.099781
1 0.241664 0.826320 0.124797 0.099422
1 0.424188 0.869398 0.063625 0.068828
1 0.077070 0.587492 0.152859 0.089297
1 0.284234 0.556719 0.123094 0.103375
1 0.092766 0.455953 0.091719 0.100563
1 0.300312 0.143445 0.110219 0.103953
1 0.142844 0.164000 0.113031 0.084875
2 0.446180 0.332477 0.065203 0.044766
1 0.034789 0.265164 0.069578 0.066391
0 0.972891 0.641258 0.054219 0.065703
0 0.935133 0.755258 0.061609 0.070578
1 0.116398 0.247602 0.092609 0.093547
1 0.099086 0.039930 0.073547 0.067953
1 0.223914 0.503328 0.107234 0.060438
2 0.128063 0.091180 0.094781 0.054922
