2 0.404422 0.130383 0.062469 0.042547
0 0.521805 0.501812 0.168984 0.116813
2 0.793336 0.373406 0.077016 0.070000
0 0.770148 0.492148 0.087828 0.070547
1 0.693719 0.549500 0.087750 0.094781
1 0.283727 0.961188 0.085141 0.074313
0 0.486453 0.440148 0.084250 0.062359
1 0.524609 0.882609 0.066437 0.055625
1 0.605977 0.856883 0.079609 0.082734
1 0.484969 0.824547 0.085906 0.074406
2 0.847133 0.444930 0.092078 0.057078
0 0.733617 0.089297 0.114703 0.148625
0 0.640156 0.111914 0.062531 0.039859
1 0.584453 0.177344 0.077000 0.059781
