1 0.398820 0.267430 0.088891 0.071672
2 0.608211 0.749047 0.045141 0.042812
1 0.448000 0.806922 0.121344 0.102906
1 0.258000 0.783977 0.097344 0.075797
1 0.404016 0.679852 0.116812 0.104641
1 0.569836 0.685070 0.105016 0.103953
1 0.031461 0.825547 0.062922 0.071188
1 0.115813 0.827555 0.065562 0.035797
1 0.023258 0.382984 0.046516 0.096313
1 0.123898 0.349562 0.079078 0.059125
1 0.664234 0.356906 0.086219 0.077125
1 0.680570 0.283437 0.088641 0.064000
1 0.793117 0.271117 0.085297 0.069422
1 0.741125 0.193742 0.103969 0.072109
1 0.636852 0.248734 0.074516 0.062500
1 0.854703 0.213727 0.099750 0.075422
1 0.796891 0.330977 0.092844 0.079328
1 0.053484 0.090500 0.103969 0.097656
2 0.122430 0.055797 0.059828 0.103375
2 0.315531 0.036844 0.084875 0.069187
0 0.330875 0.234781 0.066406 0.073000
1 0.484781 0.676797 0.055969 0.055281
