1 0.530508 0.763148 0.078234 0.063766
1 0.375477 0.370430 0.160609 0.120547
1 0.449961 0.323648 0.050734 0.051203
1 0.104156 0.393227 0.070281 0.067484
1 0.153727 0.325047 0.099609 0.075406
1 0.264961 0.294328 0.067953 0.082844
1 0.341984 0.213344 0.065625 0.091219
1 0.093469 0.113523 0.091594 0.068391
0 0.638016 0.604672 0.109875 0.113563
1 0.308523 0.697984 0.084703 0.077719
1 0.189117 0.798555 0.078078 0.075609
1 0.101859 0.851672 0.069187 0.056344
1 0.023680 0.881047 0.043453 0.052844
1 0.707656 0.935383 0.093156 0.082359
1 0.839188 0.301328 0.058625 0.061062
1 0.935227 0.025125 0.080234 0.050250
1 0.460320 0.089078 0.063547 0.042531
1 0.103883 0.652430 0.076328 0.059109
1 0.192977 0.384992 0.083422 0.057797
