0 0.564195 0.784438 0.072078 0.063438
1 0.918359 0.607734 0.108438 0.129281
1 0.956727 0.741195 0.071734 0.072578
2 0.208672 0.828625 0.058562 0.041750
0 0.517555 0.410930 0.065609 0.067766
0 0.466016 0.439078 0.051906 0.047531
1 0.832187 0.292516 0.099062 0.098406
1 0.811617 0.385688 0.076641 0.076625
1 0.909125 0.478531 0.110906 0.110281
1 0.936820 0.328992 0.095391 0.077891
0 0.520945 0.742625 0.076422 0.073531
0 0.458586 0.804977 0.081453 0.059828
0 0.547594 0.834539 0.057625 0.046859
0 0.708617 0.349055 0.065422 0.074766
0 0.151922 0.344172 0.071625 0.070000
