1 0.587289 0.100898 0.082891 0.079578
1 0.079539 0.262727 0.061422 0.058172
0 0.703898 0.548883 0.049078 0.040047
1 0.899242 0.507484 0.056703 0.050406
0 0.078750 0.947180 0.068406 0.066578
1 0.548023 0.245195 0.099141 0.068391
2 0.523797 0.582812 0.085469 0.068656
1 0.290109 0.631102 0.091750 0.082328
1 0.773695 0.818828 0.128859 0.141406
0 0.933625 0.729562 0.108812 0.123500
0 0.888484 0.924367 0.090531 0.075234
1 0.389180 0.964531 0.076391 0.069313
2 0.526414 0.781273 0.080672 0.059172
2 0.371961 0.869328 0.054953 0.059875
0 0.466570 0.834031 0.108609 0.090906
0 0.484445 0.912500 0.119516 0.062813
0 0.457766 0.971922 0.060406 0.056156
0 0.315312 0.929195 0.106875 0.077859
0 0.173203 0.911008 0.072969 0.070797
0 0.207742 0.970516 0.078516 0.058969
1 0.071313 0.562266 0.086156 0.074844
2 0.226664 0.546109 0.068391 0.050094
2 0.401953 0.498445 0.100156 0.103391
0 0.295867 0.506531 0.079703 0.066781
1 0.746844 0.462406 0.088812 0.063625
1 0.573734 0.463719 0.063531 0.053312
0 0.690594 0.437063 0.070000 0.056000
1 0.266133 0.206289 0.102422 0.091172
1 0.407867 0.119523 0.133609 0.120547
1 0.412555 0.237266 0.089797 0.077719
1 0.535391 0.174211 0.073125 0.076328
