0 0.450749 0.550266 0.100931 0.085324
0 0.140796 0.545421 0.152132 0.104380
2 0.447923 0.769518 0.074746 0.040189
0 0.789482 0.872540 0.091332 0.056907
0 0.696968 0.750760 0.056614 0.040800
2 0.759492 0.509321 0.048152 0.029886
2 0.748182 0.231076 0.067298 0.047440
0 0.808461 0.237898 0.060098 0.046648
0 0.653302 0.187236 0.064877 0.042407
0 0.149377 0.465235 0.090007 0.059491
0 0.103365 0.409877 0.077659 0.062011
2 0.392073 0.140338 0.070006 0.046201
0 0.706169 0.477959 0.080298 0.072092
0 0.337382 0.461512 0.064527 0.058985
2 0.852405 0.454777 0.043888 0.040717
0 0.486848 0.823996 0.053712 0.051587
