0 0.343279 0.020757 0.058014 0.041513
2 0.314474 0.123012 0.055151 0.047503
2 0.210016 0.041864 0.046371 0.053557
2 0.294943 0.074586 0.037094 0.044219
2 0.274300 0.374559 0.070321 0.075830
2 0.304951 0.458944 0.090331 0.108828
2 0.401711 0.527387 0.083046 0.072428
2 0.332588 0.393240 0.059213 0.059362
2 0.562625 0.501772 0.066674 0.086507
2 0.682690 0.655459 0.084664 0.061114
0 0.596582 0.984938 0.081158 0.030124
0 0.343918 0.933631 0.153007 0.132739
2 0.306996 0.824940 0.049924 0.067864
2 0.359723 0.840658 0.053575 0.061927
0 0.534985 0.963195 0.060598 0.065218
2 0.390608 0.713526 0.101338 0.086763
2 0.251242 0.608832 0.063570 0.062703
0 0.280584 0.540563 0.078401 0.076040
0 0.496931 0.613892 0.061664 0.059309
0 0.756596 0.501288 0.063620 0.077691
2 0.868180 0.405982 0.097044 0.078015
0 0.848805 0.476452 0.053841 0.085151
2 0.787458 0.314450 0.048921 0.061890
2 0.816352 0.348206 0.034447 0.045260
0 0.908847 0.252737 0.070496 0.068414
2 0.562718 0.240629 0.052232 0.057663
2 0.549068 0.293402 0.054687 0.052839
2 0.704323 0.989213 0.047570 0.021573
0 0.391560 0.388544 0.058608 0.064230
0 0.895161 0.904673 0.110566 0.101666
