2 0.280773 0.861156 0.087266 0.042063
1 0.653469 0.260648 0.052156 0.070578
1 0.777859 0.916891 0.059094 0.063281
1 0.649016 0.561477 0.047625 0.040672
1 0.624570 0.393820 0.065703 0.060859
2 0.126148 0.178945 0.069391 0.054922
2 0.116398 0.294141 0.056328 0.038625
0 0.141305 0.259234 0.089359 0.101000
1 0.232430 0.784719 0.071453 0.074531
2 0.499297 0.699180 0.053562 0.034766
1 0.410930 0.908305 0.059734 0.057391
1 0.713781 0.882461 0.073250 0.066766
2 0.775953 0.975219 0.072000 0.049563
1 0.716383 0.761031 0.047141 0.050281
1 0.273656 0.720961 0.063625 0.047266
1 0.571812 0.411594 0.038687 0.043812
0 0.972727 0.402258 0.054547 0.049797
2 0.680164 0.473469 0.045609 0.060969
2 0.585797 0.069859 0.051687 0.042000
2 0.019617 0.308617 0.033953 0.053484
2 0.276617 0.638164 0.040766 0.049078
2 0.143914 0.604406 0.083891 0.052719
2 0.193320 0.584680 0.048266 0.065172
2 0.320391 0.694039 0.053094 0.055984
2 0.499805 0.622938 0.056672 0.063625
1 0.249664 0.962492 0.093172 0.075016
2 0.295898 0.815461 0.063266 0.049328
