2 0.811937 0.641906 0.084406 0.081469
0 0.925516 0.630016 0.128312 0.118219
1 0.647203 0.700305 0.121188 0.080016
2 0.735734 0.604422 0.059906 0.044688
2 0.528836 0.548195 0.075766 0.038922
0 0.444172 0.628930 0.072094 0.066328
1 0.302836 0.310656 0.095234 0.093000
2 0.199742 0.351383 0.079359 0.059109
2 0.495352 0.259828 0.067766 0.056219
2 0.604891 0.200359 0.093781 0.051188
1 0.645297 0.333008 0.103813 0.100203
1 0.844992 0.238922 0.118234 0.085062
0 0.893648 0.147008 0.143453 0.150672
1 0.764211 0.128625 0.106766 0.083625
1 0.147406 0.249016 0.083687 0.076406
0 0.132984 0.031148 0.066406 0.062297
0 0.030102 0.041961 0.060203 0.083922
