1 0.298430 0.938617 0.057016 0.047984
1 0.865047 0.595453 0.046906 0.044469
1 0.640352 0.836492 0.092516 0.101766
1 0.205313 0.948117 0.118656 0.086078
1 0.049859 0.950328 0.099719 0.094531
1 0.038352 0.604391 0.076703 0.105188
1 0.527461 0.560969 0.085641 0.060031
1 0.357516 0.509453 0.054125 0.063687
1 0.410117 0.515164 0.048672 0.051672
2 0.979617 0.443773 0.040766 0.099141
1 0.458477 0.498781 0.087172 0.066406
1 0.576469 0.625578 0.093313 0.069187
1 0.959414 0.790930 0.069359 0.080047
1 0.889945 0.241102 0.051453 0.048672
1 0.715992 0.875109 0.062797 0.047063
1 0.869797 0.100367 0.090906 0.074828
2 0.099500 0.251375 0.047937 0.060031
