1 0.723781 0.083055 0.058781 0.065016
2 0.345805 0.292891 0.062828 0.055844
2 0.408398 0.297078 0.067016 0.055844
1 0.488117 0.382148 0.045547 0.053891
1 0.459258 0.444039 0.076141 0.056672
1 0.353227 0.549727 0.055266 0.056672
1 0.388336 0.588836 0.045547 0.054922
2 0.407289 0.662891 0.064672 0.038937
1 0.415633 0.754320 0.073703 0.078578
1 0.269102 0.481336 0.089359 0.086109
0 0.085367 0.779227 0.101234 0.100172
2 0.693820 0.682242 0.064078 0.054391
1 0.251344 0.163734 0.088937 0.073531
1 0.298984 0.180812 0.044687 0.055844
1 0.336680 0.201992 0.049328 0.058172
2 0.283945 0.060594 0.089984 0.039844
2 0.290398 0.021016 0.064141 0.039313
1 0.409320 0.109492 0.059172 0.057516
1 0.778203 0.117250 0.061937 0.069469
2 0.778719 0.181656 0.066375 0.059531
2 0.770672 0.416164 0.060312 0.082391
2 0.819859 0.304109 0.067094 0.047281
0 0.226234 0.251063 0.087781 0.072156
