1 0.273211 0.691312 0.090141 0.065500
1 0.145633 0.638297 0.144547 0.137063
1 0.046508 0.685711 0.080891 0.090516
1 0.257188 0.593875 0.055906 0.068375
0 0.347883 0.606078 0.070734 0.074250
1 0.357977 0.736203 0.083703 0.054781
1 0.212602 0.771445 0.090828 0.087953
1 0.077594 0.338234 0.127062 0.092156
1 0.195328 0.295398 0.109344 0.107016
1 0.297508 0.289367 0.084703 0.096797
1 0.413172 0.256555 0.091687 0.077734
0 0.452773 0.342891 0.106578 0.084250
1 0.189766 0.206844 0.075406 0.057719
1 0.219242 0.970797 0.116859 0.058406
1 0.065203 0.954789 0.070594 0.068391
1 0.545813 0.976984 0.071031 0.046031
1 0.873320 0.944906 0.110297 0.095875
