0 0.627156 0.320203 0.127625 0.098000
0 0.951547 0.396539 0.096906 0.098547
0 0.702937 0.623961 0.059906 0.056234
0 0.651023 0.639820 0.059766 0.044703
0 0.652469 0.590437 0.056875 0.045406
1 0.644219 0.727766 0.062000 0.050469
1 0.707711 0.680680 0.070547 0.061391
1 0.833156 0.690109 0.063063 0.057625
0 0.769594 0.884398 0.058156 0.057078
2 0.374836 0.904594 0.061453 0.049000
1 0.332297 0.817352 0.071125 0.071609
1 0.048531 0.903242 0.094781 0.099078
0 0.487352 0.803586 0.067203 0.049484
2 0.430227 0.765977 0.090547 0.082859
1 0.381594 0.480578 0.137313 0.127625
1 0.365711 0.588813 0.091547 0.078094
0 0.308547 0.378578 0.074375 0.074313
2 0.674273 0.405289 0.059234 0.058172
2 0.683984 0.537203 0.047344 0.050594
0 0.581922 0.396133 0.109313 0.057078
1 0.886820 0.245812 0.056078 0.052969
2 0.928852 0.178836 0.056766 0.044859
0 0.905516 0.095344 0.082250 0.081000
1 0.217023 0.109047 0.098453 0.097188
1 0.357523 0.285375 0.077891 0.078500
1 0.041188 0.499312 0.081906 0.078094
0 0.974273 0.025664 0.050609 0.051328
