1 0.548930 0.848430 0.091641 0.086891
1 0.492930 0.943117 0.089609 0.068547
1 0.660258 0.883719 0.101141 0.082812
1 0.600867 0.941078 0.084172 0.078063
1 0.449148 0.917664 0.069922 0.065172
1 0.214961 0.937016 0.071266 0.078062
1 0.101258 0.663445 0.104547 0.073984
2 0.219531 0.353633 0.091594 0.047328
2 0.239906 0.450047 0.097281 0.053469
2 0.037883 0.463633 0.066609 0.070109
1 0.343555 0.356039 0.122703 0.093297
1 0.387672 0.438938 0.099375 0.065406
1 0.660195 0.320242 0.105891 0.089609
1 0.762898 0.228305 0.139953 0.093797
1 0.827797 0.333523 0.120687 0.100391
2 0.092617 0.380117 0.043109 0.062359
1 0.647984 0.642648 0.103250 0.089172
2 0.920172 0.862008 0.074563 0.084484
1 0.797484 0.647695 0.079750 0.080203
1 0.424742 0.202289 0.084172 0.084172
1 0.571273 0.200016 0.075047 0.082656
1 0.669602 0.178594 0.078453 0.074063
