0 0.642172 0.082672 0.051156 0.059781
2 0.714602 0.073305 0.049797 0.053984
1 0.817664 0.766734 0.064328 0.063969
1 0.712500 0.872422 0.066062 0.063281
2 0.432609 0.906961 0.069812 0.067953
2 0.403062 0.273414 0.075219 0.087703
2 0.319977 0.266578 0.044297 0.065969
2 0.597789 0.276219 0.034578 0.037250
2 0.747000 0.244492 0.070594 0.063547
2 0.327422 0.913945 0.053063 0.033516
2 0.311266 0.542828 0.062375 0.067281
0 0.339891 0.431727 0.066406 0.078422
0 0.036328 0.341898 0.072656 0.080984
0 0.155898 0.334477 0.052953 0.042984
2 0.030555 0.206414 0.047516 0.041891
1 0.255555 0.155469 0.056328 0.053500
2 0.339219 0.168750 0.062750 0.047063
2 0.372188 0.108203 0.060312 0.075625
0 0.277055 0.079047 0.049516 0.067187
0 0.251711 0.025547 0.052734 0.051094
0 0.326531 0.063961 0.048719 0.046672
0 0.589867 0.134039 0.058172 0.059109
