2 0.891461 0.621898 0.042453 0.047641
1 0.376789 0.410336 0.077234 0.083672
0 0.084883 0.417055 0.124703 0.114641
1 0.117641 0.030352 0.071031 0.057953
1 0.377125 0.063758 0.050531 0.053734
1 0.717719 0.536906 0.038625 0.039562
2 0.839008 0.888070 0.080047 0.058641
0 0.878547 0.945539 0.119187 0.099141
1 0.253789 0.050734 0.069297 0.072281
1 0.322727 0.072648 0.052297 0.060734
0 0.831141 0.583125 0.079125 0.065625
2 0.950250 0.611555 0.041750 0.053578
0 0.805312 0.711812 0.095406 0.055844
0 0.795070 0.640836 0.067484 0.081453
