2 0.525031 0.282461 0.070563 0.079141
1 0.890000 0.530492 0.099062 0.104672
2 0.686883 0.906516 0.057953 0.069156
1 0.889070 0.971172 0.064797 0.057656
1 0.946078 0.869438 0.051719 0.053594
1 0.847008 0.784078 0.059203 0.059813
1 0.545172 0.964281 0.087281 0.071438
2 0.436727 0.367859 0.092734 0.107125
0 0.038000 0.762047 0.076000 0.094781
2 0.056609 0.878633 0.084000 0.054391
1 0.396508 0.689055 0.119672 0.121109
0 0.603055 0.698797 0.116078 0.072812
0 0.262445 0.274055 0.075984 0.075391
0 0.278070 0.392258 0.220297 0.180391
0 0.096461 0.121930 0.092078 0.068922
2 0.245773 0.020633 0.069922 0.041078
1 0.529219 0.658469 0.050531 0.052969
1 0.497750 0.701766 0.052406 0.051094
0 0.828820 0.878852 0.091547 0.089922
0 0.754508 0.759305 0.059234 0.052234
2 0.690703 0.724844 0.067312 0.053313
0 0.934914 0.640883 0.064078 0.057078
0 0.600555 0.631609 0.076078 0.061062
0 0.687547 0.323820 0.068969 0.080234
0 0.585227 0.335930 0.122828 0.133547
