1 0.576477 0.900156 0.065422 0.066656
1 0.677859 0.860883 0.046594 0.051672
1 0.602227 0.828539 0.074984 0.049328
0 0.807500 0.866938 0.094469 0.074938
1 0.843078 0.907195 0.093125 0.058641
1 0.598062 0.794562 0.084250 0.049344
1 0.669500 0.721953 0.065156 0.066094
1 0.508281 0.773617 0.071687 0.067484
0 0.515211 0.944430 0.049797 0.063297
1 0.300172 0.825047 0.082438 0.073062
1 0.213391 0.954297 0.087500 0.091406
1 0.192422 0.887883 0.103375 0.088891
2 0.434680 0.882289 0.053578 0.049797
1 0.046422 0.899047 0.092844 0.114969
1 0.122406 0.917406 0.068406 0.076375
1 0.044172 0.775266 0.088344 0.087688
2 0.249844 0.772648 0.080844 0.048672
1 0.448055 0.803195 0.064328 0.063703
1 0.292766 0.889000 0.064656 0.047281
1 0.330336 0.938016 0.069641 0.054906
1 0.130063 0.823602 0.067312 0.045766
1 0.531344 0.400023 0.120125 0.105641
1 0.623984 0.447727 0.068875 0.053984
1 0.531117 0.484961 0.074047 0.067953
2 0.965281 0.528500 0.069438 0.049844
2 0.977773 0.701086 0.044453 0.102172
1 0.977031 0.813563 0.045937 0.059531
1 0.654375 0.397883 0.065625 0.067953
2 0.858844 0.539500 0.086844 0.048375
1 0.359570 0.065164 0.095734 0.098953
1 0.453195 0.106633 0.092141 0.084547
1 0.606781 0.085102 0.124562 0.100703
1 0.746523 0.104023 0.115078 0.064766
1 0.149180 0.142172 0.096391 0.094781
1 0.897430 0.053055 0.119547 0.105016
1 0.270172 0.167039 0.068875 0.075391
1 0.331609 0.167969 0.065156 0.068875
2 0.046625 0.147781 0.044469 0.047250
