2 0.268461 0.809062 0.073234 0.050625
2 0.212188 0.940453 0.071625 0.062469
1 0.208555 0.883328 0.064172 0.070406
2 0.514383 0.382812 0.076172 0.076125
0 0.148555 0.170234 0.064359 0.072000
1 0.496656 0.041016 0.061062 0.059813
0 0.394508 0.109234 0.087297 0.066656
0 0.487375 0.100820 0.079750 0.054828
1 0.471469 0.144773 0.047531 0.058953
0 0.525828 0.714078 0.063969 0.065969
0 0.592602 0.747867 0.071203 0.065172
0 0.676852 0.772008 0.090953 0.078047
2 0.614320 0.899117 0.055922 0.065172
2 0.550953 0.851648 0.063594 0.058734
0 0.732789 0.896102 0.063547 0.057516
2 0.761141 0.958250 0.043844 0.065969
