1 0.390492 0.276414 0.093359 0.098109
2 0.856117 0.502133 0.051891 0.062359
0 0.861414 0.851281 0.084453 0.078125
2 0.785562 0.837008 0.054094 0.070609
1 0.675891 0.889430 0.057687 0.066703
1 0.555680 0.907008 0.102797 0.085641
1 0.628711 0.916484 0.059484 0.097344
1 0.540672 0.968906 0.070906 0.061594
1 0.479227 0.890031 0.061609 0.060094
1 0.538273 0.794781 0.050484 0.057094
1 0.263086 0.971430 0.054234 0.057141
1 0.118594 0.949687 0.059375 0.050625
1 0.481703 0.543430 0.085906 0.085516
2 0.501000 0.610008 0.047312 0.073359
1 0.564617 0.636773 0.057047 0.057359
0 0.575227 0.548125 0.082422 0.055969
2 0.701961 0.317797 0.048672 0.047969
1 0.752891 0.311023 0.044844 0.053891
1 0.877672 0.370297 0.074750 0.070938
1 0.441773 0.368945 0.088141 0.096547
2 0.729609 0.137250 0.093313 0.088500
1 0.090812 0.325688 0.092562 0.109781
1 0.084687 0.392508 0.098875 0.068797
1 0.192867 0.666664 0.079578 0.097734
1 0.346664 0.203344 0.074516 0.051656
1 0.322023 0.279438 0.081922 0.065156
2 0.872242 0.098812 0.043109 0.052156
1 0.310266 0.678297 0.053500 0.052156
