2 0.259213 0.984845 0.147385 0.030310
2 0.721288 0.965242 0.090367 0.069516
2 0.959924 0.309503 0.080153 0.049298
2 0.931525 0.442701 0.065393 0.053089
0 0.222566 0.832383 0.150579 0.092011
0 0.382482 0.592682 0.070729 0.067444
2 0.228997 0.910539 0.153439 0.061369
0 0.326507 0.172183 0.118315 0.058141
2 0.605954 0.256104 0.111205 0.063059
0 0.614085 0.195660 0.114752 0.059370
2 0.358802 0.878781 0.083390 0.051341
2 0.490841 0.264101 0.091224 0.068772
2 0.277945 0.508302 0.060001 0.044239
2 0.506454 0.543060 0.092247 0.078775
2 0.398943 0.445888 0.198124 0.072792
2 0.263456 0.650535 0.096839 0.071032
2 0.259927 0.579467 0.083463 0.055624
0 0.415869 0.727309 0.134166 0.087011
