2 0.909437 0.362156 0.065750 0.043656
1 0.885297 0.041992 0.051187 0.051516
1 0.887352 0.172211 0.071266 0.071766
2 0.950336 0.269062 0.066734 0.057719
2 0.944312 0.510711 0.060719 0.083297
0 0.817852 0.487625 0.039141 0.045656
1 0.946000 0.203813 0.050750 0.061594
1 0.126289 0.503883 0.053609 0.053203
1 0.579867 0.861523 0.073797 0.091484
1 0.121773 0.591812 0.094891 0.085094
0 0.283367 0.654977 0.042359 0.044984
0 0.097797 0.790125 0.072344 0.073844
0 0.240609 0.885344 0.098625 0.104594
2 0.061695 0.094664 0.088828 0.080797
0 0.064781 0.245820 0.048625 0.055078
2 0.108055 0.335078 0.085203 0.050875
1 0.624281 0.542211 0.081719 0.064422
1 0.437172 0.590000 0.082781 0.069094
2 0.866453 0.788984 0.076344 0.062906
1 0.519773 0.646242 0.059641 0.065984
1 0.553891 0.692727 0.046156 0.053984
2 0.574719 0.764148 0.071219 0.043109
0 0.509672 0.727219 0.075344 0.092969
1 0.657078 0.476703 0.045406 0.053125
2 0.542328 0.380625 0.134500 0.059719
0 0.397797 0.347258 0.085312 0.082297
1 0.412352 0.253406 0.089328 0.083312
1 0.486117 0.278250 0.070266 0.083813
2 0.433820 0.133977 0.094516 0.054359
1 0.328289 0.144477 0.050641 0.050609
1 0.397648 0.059352 0.086641 0.085891
2 0.457641 0.084492 0.064844 0.046859
