2 0.955354 0.559144 0.064893 0.041638
0 0.443061 0.399693 0.066018 0.034710
2 0.623230 0.437024 0.075086 0.050902
2 0.942198 0.676503 0.092597 0.050044
2 0.893413 0.748662 0.075666 0.037222
2 0.659097 0.257732 0.067744 0.043196
2 0.580102 0.247882 0.057987 0.038329
2 0.874193 0.273915 0.068615 0.032806
2 0.927726 0.290427 0.080518 0.035858
2 0.955500 0.617706 0.058734 0.029037
2 0.859091 0.542717 0.054708 0.032657
2 0.987593 0.512877 0.024815 0.031383
0 0.494579 0.421605 0.047315 0.024630
2 0.771112 0.492280 0.072241 0.040317
0 0.428803 0.582981 0.095268 0.047097
2 0.960842 0.427070 0.078316 0.041473
2 0.587160 0.477928 0.063701 0.036958
2 0.445224 0.514669 0.050989 0.027588
0 0.384116 0.530440 0.067710 0.029731
2 0.567630 0.527018 0.049960 0.031889
2 0.951068 0.830661 0.039840 0.022800
0 0.782450 0.813057 0.066445 0.029523
0 0.500657 0.582149 0.050297 0.026570
2 0.491534 0.301850 0.077706 0.048427
2 0.762153 0.787320 0.075873 0.032948
0 0.719083 0.744048 0.069565 0.038362
2 0.424876 0.708358 0.077862 0.040578
0 0.442473 0.668531 0.070075 0.038499
