0 0.419148 0.571117 0.087797 0.083766
0 0.325867 0.571406 0.074516 0.062375
1 0.115602 0.567367 0.069891 0.087797
1 0.047758 0.583828 0.092391 0.101094
1 0.423695 0.872297 0.111828 0.086375
1 0.383250 0.931453 0.095844 0.054906
1 0.497328 0.822625 0.120313 0.126812
1 0.863125 0.758109 0.084062 0.101531
1 0.823773 0.903773 0.076859 0.068172
1 0.811875 0.457273 0.075094 0.072203
1 0.042227 0.948555 0.084453 0.100203
1 0.593469 0.897961 0.076187 0.056797
1 0.573422 0.744914 0.092219 0.080859
0 0.915352 0.469023 0.088422 0.088859
0 0.884398 0.424344 0.105391 0.082375
1 0.606297 0.184406 0.098781 0.086063
1 0.815977 0.120578 0.108016 0.077406
1 0.814813 0.029094 0.093000 0.058188
1 0.078117 0.236500 0.063547 0.051406
1 0.236094 0.094117 0.089531 0.064703
1 0.666766 0.756695 0.067281 0.074234
1 0.723844 0.858547 0.078531 0.076375
