0 0.171864 0.958882 0.129465 0.082237
2 0.278082 0.850547 0.129000 0.102667
2 0.473942 0.949648 0.112904 0.061048
0 0.241261 0.733924 0.120176 0.084271
0 0.421786 0.874133 0.095731 0.051561
0 0.368641 0.597216 0.119199 0.065597
2 0.035507 0.330151 0.071015 0.065068
2 0.053147 0.483712 0.101550 0.053102
0 0.593379 0.505571 0.091417 0.064731
0 0.705687 0.484297 0.068656 0.059897
2 0.775144 0.537458 0.084575 0.043860
2 0.754498 0.713539 0.086523 0.059870
2 0.824384 0.608650 0.050491 0.036921
2 0.747948 0.396128 0.070006 0.049914
2 0.117343 0.395044 0.069508 0.034643
0 0.640273 0.426637 0.058787 0.038674
0 0.783824 0.450643 0.051033 0.044062
2 0.905014 0.534454 0.082770 0.034348
2 0.374289 0.683741 0.061688 0.031750
