1 0.401602 0.879234 0.116859 0.111031
1 0.765172 0.965812 0.057125 0.066781
0 0.720508 0.845969 0.083516 0.079125
0 0.645680 0.925648 0.078078 0.080234
1 0.062000 0.967617 0.124000 0.064766
1 0.452555 0.698391 0.069234 0.084063
2 0.635180 0.746867 0.063609 0.051484
1 0.670781 0.450539 0.052844 0.057703
0 0.593891 0.441867 0.076375 0.052141
0 0.637898 0.502375 0.102859 0.086563
1 0.652813 0.587336 0.069531 0.071266
1 0.511914 0.698773 0.049766 0.052453
1 0.325422 0.561063 0.091688 0.077250
1 0.404492 0.562086 0.077734 0.079578
1 0.239055 0.381078 0.087953 0.079969
2 0.605352 0.251891 0.060328 0.055906
1 0.963656 0.371320 0.072687 0.080453
1 0.918008 0.172055 0.056797 0.051078
2 0.888047 0.122961 0.063813 0.050734
2 0.951570 0.276781 0.064266 0.053063
2 0.596141 0.163680 0.047062 0.050672
1 0.499000 0.084430 0.059531 0.055516
2 0.951148 0.126102 0.053484 0.038766
1 0.574219 0.318734 0.052531 0.055625
1 0.252094 0.259188 0.094062 0.087031
1 0.334703 0.194039 0.083344 0.098203
0 0.059086 0.844570 0.070797 0.073609
0 0.701648 0.910461 0.051484 0.053109
0 0.631422 0.115531 0.050687 0.047469
