1 0.460375 0.609484 0.103937 0.058156
1 0.626242 0.636953 0.073766 0.085094
1 0.368586 0.646820 0.108609 0.098953
1 0.227430 0.811727 0.076828 0.061578
1 0.770500 0.642695 0.065156 0.062828
1 0.848391 0.644133 0.093594 0.085172
1 0.764117 0.574602 0.106141 0.075391
1 0.706258 0.670992 0.079703 0.099078
1 0.071672 0.708812 0.076656 0.064750
1 0.303820 0.731219 0.094484 0.108906
1 0.449539 0.707852 0.113109 0.084297
1 0.942578 0.624258 0.080375 0.077891
1 0.271805 0.443031 0.101453 0.075875
1 0.214000 0.708875 0.087031 0.100531
0 0.054750 0.850344 0.077063 0.049625
1 0.596031 0.749016 0.103938 0.071094
1 0.054461 0.355102 0.098547 0.066766
1 0.125305 0.285781 0.115078 0.066750
1 0.878797 0.256766 0.084531 0.062469
1 0.688438 0.284758 0.088437 0.076422
1 0.801227 0.335930 0.089984 0.075391
1 0.719672 0.376594 0.090469 0.069469
1 0.621656 0.380094 0.108781 0.074313
1 0.540891 0.343469 0.086156 0.079687
1 0.288328 0.325969 0.084000 0.071625
1 0.109547 0.464875 0.088313 0.085562
1 0.180867 0.426398 0.084609 0.078609
