1 0.901336 0.064344 0.062922 0.064750
1 0.305000 0.779719 0.053594 0.047344
1 0.214742 0.560922 0.091609 0.081312
2 0.224437 0.632000 0.081906 0.064094
1 0.090648 0.501414 0.084547 0.066766
1 0.346703 0.490641 0.078625 0.070000
1 0.562617 0.401547 0.094828 0.066281
1 0.764047 0.445406 0.094781 0.084000
1 0.289820 0.922266 0.154984 0.145625
1 0.469773 0.874758 0.080297 0.052766
1 0.648023 0.771102 0.122297 0.098547
1 0.802875 0.726398 0.120625 0.131922
1 0.933813 0.897094 0.083781 0.124719
1 0.732055 0.917570 0.074922 0.063297
1 0.639211 0.868008 0.076328 0.073078
1 0.360203 0.204250 0.089719 0.077875
1 0.313781 0.128867 0.111531 0.085359
1 0.268305 0.054398 0.097828 0.056078
1 0.606000 0.074656 0.110281 0.104062
1 0.809125 0.069047 0.133969 0.102813
