2 0.587141 0.328664 0.053313 0.038234
0 0.789086 0.963602 0.061922 0.072797
1 0.690773 0.837281 0.076516 0.068938
2 0.892742 0.940398 0.040922 0.059766
1 0.729008 0.719883 0.057141 0.075391
2 0.803867 0.629148 0.076516 0.047922
1 0.902437 0.694039 0.065688 0.063547
2 0.502320 0.834320 0.045266 0.059797
0 0.451703 0.831086 0.048469 0.051172
1 0.430180 0.706687 0.096922 0.091000
2 0.351250 0.645570 0.052281 0.053859
2 0.647766 0.516531 0.057563 0.084469
2 0.377453 0.485758 0.083313 0.114641
0 0.504219 0.937711 0.139469 0.120078
0 0.366187 0.585523 0.064000 0.055109
2 0.488898 0.554148 0.085672 0.052703
2 0.329391 0.440711 0.070844 0.072797
0 0.113023 0.733266 0.083359 0.080531
0 0.031977 0.755367 0.063953 0.071672
0 0.032438 0.845664 0.064875 0.103328
2 0.300734 0.194758 0.055625 0.070922
0 0.226406 0.060547 0.068000 0.057250
0 0.326930 0.113609 0.051234 0.042344
2 0.680625 0.075727 0.039844 0.052766
2 0.941938 0.392687 0.099687 0.064094
2 0.852039 0.323492 0.070547 0.064609
