1 0.955969 0.131258 0.088063 0.088672
1 0.272992 0.673492 0.139141 0.113234
1 0.169898 0.682539 0.101641 0.099484
0 0.464750 0.670984 0.075687 0.059156
0 0.566219 0.668156 0.103594 0.085875
1 0.551414 0.746844 0.099141 0.073062
1 0.645156 0.928336 0.109656 0.084734
1 0.736437 0.895008 0.099062 0.117766
1 0.963234 0.561859 0.065156 0.069969
1 0.597305 0.303344 0.148922 0.117750
1 0.955547 0.214555 0.088906 0.067297
1 0.760828 0.293680 0.077313 0.063547
1 0.115758 0.406109 0.084766 0.056313
2 0.081469 0.097000 0.056062 0.051688
1 0.354469 0.167266 0.069563 0.059219
