1 0.122773 0.244805 0.088891 0.106578
2 0.904023 0.846414 0.062922 0.039984
1 0.498586 0.225703 0.071578 0.045781
0 0.562883 0.633359 0.085359 0.068531
1 0.410828 0.734289 0.081687 0.076016
1 0.145812 0.669039 0.081437 0.074922
1 0.084141 0.611797 0.074469 0.069344
1 0.042719 0.765844 0.079125 0.078656
1 0.266594 0.596195 0.052125 0.058641
1 0.155125 0.595969 0.078656 0.069344
1 0.233547 0.664852 0.064219 0.060047
0 0.662266 0.536859 0.090344 0.081906
1 0.906578 0.653625 0.070031 0.074812
1 0.939766 0.556875 0.069625 0.075219
1 0.822977 0.484555 0.052828 0.052234
1 0.453859 0.312234 0.078844 0.082063
1 0.557258 0.312453 0.105016 0.092625
2 0.845086 0.187516 0.086172 0.072156
2 0.949016 0.141742 0.066781 0.081859
1 0.644758 0.197688 0.075391 0.096812
1 0.356258 0.208570 0.099391 0.082047
1 0.377773 0.264891 0.080391 0.056313
1 0.345391 0.351766 0.085719 0.069187
1 0.241398 0.291031 0.102172 0.075625
1 0.033453 0.322008 0.066812 0.071609
1 0.032023 0.255227 0.064047 0.082859
