0 0.195734 0.353844 0.083719 0.072406
1 0.278617 0.301141 0.107797 0.097344
1 0.364273 0.198164 0.122328 0.105391
1 0.279398 0.192336 0.056359 0.064766
1 0.054844 0.223711 0.109688 0.144422
1 0.508852 0.233672 0.097328 0.087031
0 0.956898 0.184828 0.086203 0.076469
1 0.473742 0.164672 0.100828 0.066062
0 0.632078 0.273914 0.069188 0.067578
1 0.207531 0.934266 0.078687 0.079156
1 0.339734 0.950422 0.091063 0.081312
1 0.464953 0.920266 0.164781 0.138406
1 0.600859 0.953922 0.116375 0.078625
1 0.511227 0.574914 0.135953 0.109828
1 0.375344 0.609125 0.127531 0.087031
1 0.430703 0.678008 0.064281 0.051672
1 0.615008 0.596562 0.073578 0.069344
0 0.741414 0.568828 0.115266 0.081625
1 0.730828 0.486586 0.137688 0.104047
1 0.498531 0.464461 0.079656 0.092516
1 0.035391 0.574234 0.054750 0.068781
1 0.166727 0.539031 0.081703 0.057125
1 0.175781 0.477289 0.081281 0.070391
1 0.386203 0.533445 0.107438 0.086484
1 0.101000 0.969625 0.084750 0.060750
1 0.553063 0.847328 0.066594 0.060500
1 0.684992 0.915336 0.049672 0.052141
1 0.406211 0.113211 0.063547 0.047453
