1 0.611859 0.377023 0.057625 0.050078
0 0.643953 0.714336 0.122250 0.102859
2 0.797672 0.659414 0.059281 0.052234
2 0.244844 0.799531 0.064125 0.074313
0 0.082516 0.922578 0.074313 0.061937
1 0.410344 0.644164 0.068375 0.070391
1 0.323813 0.523039 0.099656 0.089828
1 0.299727 0.388539 0.070391 0.080453
0 0.214242 0.461547 0.065172 0.076844
1 0.099586 0.508414 0.053141 0.048266
0 0.191945 0.782273 0.052391 0.057328
0 0.137742 0.739867 0.076078 0.103484
2 0.148328 0.823703 0.042438 0.038000
1 0.055805 0.773234 0.061734 0.054219
0 0.377344 0.435844 0.082875 0.080375
1 0.691531 0.340133 0.067375 0.079703
1 0.672953 0.434102 0.093750 0.073766
1 0.688516 0.240727 0.050531 0.053359
1 0.685633 0.286500 0.076484 0.049750
0 0.858883 0.349328 0.052547 0.060875
0 0.752953 0.393539 0.057562 0.044203
0 0.577500 0.148016 0.081531 0.069938
2 0.122641 0.141164 0.059844 0.056234
2 0.179195 0.153789 0.056297 0.058391
2 0.354773 0.159555 0.048297 0.048297
2 0.609531 0.060234 0.087500 0.063281
