1 0.719656 0.306195 0.050312 0.046547
0 0.494633 0.704219 0.062391 0.068438
2 0.855016 0.793258 0.045969 0.052203
2 0.851867 0.900641 0.065922 0.062781
0 0.243187 0.936633 0.094906 0.080297
1 0.038516 0.605695 0.075906 0.071203
2 0.136945 0.574047 0.083828 0.062844
1 0.152562 0.689937 0.055375 0.052594
2 0.402703 0.334125 0.055906 0.074469
1 0.558617 0.493758 0.069859 0.067016
2 0.721977 0.505625 0.053109 0.060969
1 0.814156 0.656195 0.054000 0.049328
1 0.734773 0.566594 0.056359 0.060969
2 0.663336 0.399281 0.043797 0.039094
2 0.531391 0.247320 0.064750 0.040484
0 0.345484 0.100250 0.126594 0.079594
0 0.300312 0.177047 0.106156 0.074000
2 0.399469 0.209859 0.052125 0.061437
1 0.071812 0.189148 0.128469 0.107516
1 0.070391 0.350180 0.095000 0.072141
1 0.051289 0.041313 0.094078 0.082625
0 0.378359 0.406312 0.079156 0.070000
0 0.733508 0.371531 0.081859 0.088313
0 0.807797 0.411648 0.065750 0.064078
