1 0.256484 0.355625 0.084219 0.091219
1 0.322672 0.863211 0.107969 0.069359
2 0.146680 0.155344 0.054828 0.038000
1 0.424430 0.070125 0.064672 0.069187
2 0.518648 0.739828 0.081297 0.053500
1 0.551828 0.789703 0.088938 0.068781
2 0.754547 0.752109 0.082469 0.076406
2 0.719977 0.638258 0.099391 0.058734
2 0.596102 0.654750 0.070391 0.049063
1 0.412070 0.672250 0.067578 0.065563
1 0.914734 0.796562 0.112156 0.106125
1 0.867492 0.706039 0.111703 0.104734
1 0.961508 0.696734 0.068891 0.074937
1 0.954523 0.548031 0.088422 0.074469
2 0.579328 0.342687 0.063812 0.048875
1 0.653937 0.283148 0.081656 0.082453
1 0.961539 0.215844 0.076922 0.093469
1 0.964867 0.334313 0.070266 0.071188
2 0.539406 0.029484 0.097437 0.058969
2 0.032883 0.129148 0.065766 0.105016
1 0.141797 0.386977 0.141625 0.124391
2 0.108680 0.485258 0.099078 0.112016
1 0.208273 0.570078 0.068984 0.065156
2 0.224188 0.638461 0.065156 0.061922
2 0.427531 0.257094 0.048406 0.043750
1 0.226242 0.038812 0.093547 0.077250
1 0.675039 0.341781 0.077266 0.062781
2 0.615211 0.500039 0.069391 0.072141
