2 0.964688 0.223062 0.044688 0.053312
2 0.339023 0.344594 0.057328 0.058000
2 0.144625 0.702516 0.074781 0.083500
2 0.395563 0.940961 0.097875 0.066047
2 0.201508 0.956852 0.053578 0.072891
1 0.496328 0.629078 0.080094 0.089406
0 0.834430 0.534641 0.107484 0.070656
2 0.844391 0.827937 0.068531 0.089094
1 0.054781 0.790648 0.092625 0.084547
1 0.071813 0.332680 0.074937 0.056328
1 0.457656 0.303297 0.060375 0.054375
0 0.507203 0.312984 0.058219 0.069469
0 0.531977 0.240023 0.066828 0.057078
0 0.785367 0.198555 0.135172 0.135703
1 0.841836 0.593883 0.098953 0.058328
0 0.647234 0.928016 0.069469 0.063000
0 0.435906 0.733109 0.103437 0.066656
