1 0.038891 0.972086 0.077781 0.055828
1 0.575727 0.601953 0.092203 0.099594
1 0.278328 0.562398 0.141531 0.133109
1 0.424492 0.599867 0.073547 0.088891
1 0.477063 0.673398 0.083812 0.065609
0 0.531414 0.294141 0.096391 0.081313
1 0.069703 0.371531 0.100062 0.081906
0 0.413008 0.285898 0.067172 0.061141
1 0.958844 0.203297 0.072750 0.083469
1 0.302344 0.249766 0.102500 0.092969
1 0.445492 0.212125 0.102609 0.108594
1 0.106203 0.275305 0.142687 0.106547
1 0.254336 0.677555 0.135891 0.097203
0 0.058336 0.668523 0.116672 0.114016
1 0.473039 0.963742 0.081859 0.072516
1 0.267031 0.922898 0.093219 0.056547
