0 0.568930 0.652141 0.071203 0.078187
2 0.308531 0.364891 0.063969 0.059938
2 0.270117 0.434273 0.042641 0.044234
1 0.101570 0.437289 0.077234 0.070391
2 0.217156 0.361680 0.039562 0.032109
1 0.446383 0.286508 0.104266 0.093078
2 0.720047 0.314203 0.096812 0.094469
0 0.937891 0.273438 0.099531 0.087500
1 0.602094 0.604516 0.068875 0.066406
1 0.483547 0.674914 0.096688 0.090391
1 0.071883 0.785664 0.111828 0.087734
1 0.291836 0.744531 0.099359 0.068781
2 0.570992 0.945078 0.082422 0.080063
1 0.851016 0.966266 0.067969 0.056281
1 0.843969 0.897422 0.099188 0.079125
0 0.539859 0.719164 0.077219 0.068891
1 0.218672 0.698219 0.088469 0.091219
1 0.176578 0.757328 0.117750 0.058656
1 0.340594 0.428141 0.086094 0.056781
0 0.036523 0.137898 0.073047 0.045859
1 0.420898 0.028461 0.117797 0.056922
1 0.888687 0.709406 0.061531 0.077188
1 0.409172 0.649398 0.083469 0.064078
2 0.611117 0.026953 0.039984 0.050781
