1 0.439703 0.268320 0.105844 0.083172
1 0.894383 0.860281 0.086734 0.058062
1 0.719531 0.467461 0.086219 0.064859
1 0.825602 0.149156 0.115484 0.101781
2 0.957547 0.047789 0.072844 0.057516
1 0.708484 0.205844 0.052875 0.045187
1 0.611359 0.260305 0.067281 0.069016
1 0.108133 0.246273 0.108578 0.084891
1 0.326094 0.253227 0.086219 0.053984
1 0.150281 0.364187 0.105719 0.096719
1 0.250719 0.578883 0.137937 0.101922
1 0.354883 0.735445 0.112422 0.080797
1 0.089156 0.640594 0.135000 0.108906
1 0.194789 0.664180 0.139516 0.113922
1 0.410594 0.615750 0.091344 0.109406
1 0.668766 0.573680 0.115031 0.091172
1 0.801180 0.472062 0.097547 0.077219
1 0.793023 0.605906 0.095297 0.072000
1 0.919031 0.612875 0.072063 0.065031
1 0.702758 0.653523 0.079547 0.054578
1 0.871148 0.673266 0.064453 0.059219
1 0.914992 0.532164 0.109172 0.088266
1 0.486227 0.597375 0.106266 0.090000
1 0.670820 0.958227 0.061547 0.059297
1 0.836500 0.929734 0.091094 0.101219
1 0.916398 0.954391 0.096234 0.080594
1 0.940500 0.212906 0.113406 0.095844
