2 0.837242 0.892914 0.077703 0.057922
1 0.853906 0.821320 0.088500 0.102172
1 0.466992 0.909383 0.081328 0.084234
1 0.190172 0.889320 0.134969 0.125203
1 0.442188 0.506391 0.081156 0.061906
0 0.191945 0.627125 0.099141 0.056687
0 0.851914 0.697133 0.048672 0.056672
2 0.777555 0.438219 0.045453 0.068781
1 0.386594 0.374477 0.084188 0.087234
1 0.061062 0.184437 0.122125 0.099687
0 0.066062 0.033352 0.071031 0.065422
1 0.402164 0.080703 0.114078 0.109031
0 0.656727 0.124000 0.087234 0.082250
0 0.696867 0.044555 0.130297 0.089109
1 0.764125 0.166539 0.063625 0.065703
