1 0.063297 0.739734 0.070750 0.086562
1 0.494258 0.930562 0.103359 0.109031
1 0.870930 0.924078 0.107797 0.094094
1 0.957117 0.855859 0.085766 0.109656
1 0.851109 0.533383 0.069875 0.088641
1 0.552922 0.574000 0.079125 0.090750
1 0.140781 0.713438 0.091688 0.110312
1 0.405820 0.226477 0.097797 0.094484
1 0.034906 0.656445 0.069812 0.104297
1 0.431211 0.145953 0.097266 0.087031
0 0.763984 0.205109 0.075875 0.117281
0 0.801656 0.169734 0.106625 0.055844
1 0.039883 0.340828 0.079766 0.095344
0 0.246438 0.295969 0.057937 0.060437
1 0.147148 0.419070 0.062359 0.061141
0 0.335344 0.032719 0.056688 0.065438
0 0.022656 0.079453 0.045312 0.094094
0 0.087984 0.078211 0.057937 0.064172
1 0.667812 0.157141 0.074313 0.090469
2 0.827039 0.243320 0.064891 0.084359
0 0.982727 0.051922 0.034547 0.072094
1 0.973516 0.944117 0.052969 0.058172
