1 0.493711 0.593820 0.100703 0.077016
1 0.869773 0.378758 0.069359 0.053047
0 0.689891 0.411805 0.061437 0.059578
1 0.389992 0.617242 0.106859 0.118453
1 0.218164 0.603070 0.110172 0.120109
1 0.236516 0.928367 0.168563 0.128453
2 0.881922 0.509547 0.059781 0.063000
1 0.912273 0.737156 0.126547 0.098437
1 0.316109 0.487461 0.148094 0.084547
1 0.127375 0.457359 0.134625 0.092625
1 0.065836 0.247078 0.131672 0.110406
1 0.180320 0.143570 0.115891 0.095953
1 0.195594 0.248555 0.094094 0.062922
1 0.338609 0.168016 0.077312 0.073531
1 0.062375 0.107055 0.112156 0.095953
2 0.266750 0.152227 0.059813 0.105297
2 0.635125 0.096461 0.067312 0.071078
1 0.764359 0.067289 0.047469 0.041453
1 0.217328 0.418164 0.082438 0.098547
1 0.357789 0.897594 0.079703 0.074313
