1 0.240187 0.558766 0.113625 0.118469
2 0.430047 0.179734 0.111594 0.076844
2 0.543438 0.098133 0.064406 0.073234
1 0.627891 0.084391 0.078594 0.087031
1 0.948070 0.084766 0.090766 0.074469
1 0.735016 0.830227 0.103938 0.072172
0 0.848375 0.857688 0.084000 0.067844
1 0.770297 0.923656 0.074313 0.074844
2 0.048023 0.130859 0.075484 0.058062
2 0.232859 0.130500 0.097406 0.055250
1 0.133570 0.110516 0.121328 0.077188
0 0.355547 0.225883 0.040969 0.051672
0 0.966062 0.187445 0.067875 0.048672
1 0.584773 0.633992 0.111516 0.085984
0 0.349367 0.886563 0.085672 0.114687
0 0.318977 0.487453 0.068828 0.064313
0 0.028141 0.660000 0.056281 0.072156
1 0.073117 0.880578 0.081359 0.053313
