2 0.275076 0.814312 0.060860 0.074343
1 0.298128 0.438913 0.047381 0.041825
1 0.237693 0.329180 0.063756 0.056153
1 0.259937 0.304667 0.066645 0.063323
1 0.273124 0.262221 0.052141 0.057145
2 0.297534 0.320314 0.042222 0.042453
0 0.241153 0.375876 0.046100 0.050578
2 0.527499 0.304974 0.070933 0.073462
2 0.845169 0.327132 0.070386 0.067426
2 0.861657 0.387020 0.056028 0.050835
1 0.891539 0.101341 0.086203 0.079439
1 0.852303 0.166574 0.066452 0.055952
1 0.872116 0.232000 0.085862 0.072158
1 0.685538 0.223280 0.043402 0.042290
2 0.573612 0.075543 0.068687 0.060959
2 0.672900 0.158795 0.051367 0.061680
2 0.236369 0.047841 0.069499 0.054701
2 0.291868 0.028720 0.052908 0.042915
1 0.337399 0.161094 0.042403 0.046194
2 0.548182 0.568472 0.039103 0.046651
1 0.594689 0.375924 0.036621 0.039477
2 0.489913 0.353329 0.043835 0.048145
2 0.481690 0.400332 0.045263 0.040651
