0 0.864290 0.454603 0.101743 0.100217
0 0.844423 0.517819 0.127104 0.091859
2 0.736194 0.529339 0.107478 0.152245
2 0.811806 0.945911 0.097655 0.108179
2 0.894861 0.978166 0.100909 0.043668
0 0.699597 0.955782 0.120153 0.088436
0 0.516570 0.976141 0.131747 0.047718
2 0.297235 0.952973 0.092660 0.086545
2 0.850071 0.779318 0.097371 0.136506
0 0.748998 0.386454 0.111257 0.123391
2 0.859430 0.240623 0.097205 0.094522
2 0.854026 0.073882 0.136976 0.144935
2 0.764986 0.022722 0.080801 0.045444
2 0.392361 0.279624 0.068893 0.084195
2 0.446152 0.404863 0.122847 0.126940
0 0.359537 0.751524 0.085866 0.082699
2 0.435313 0.750779 0.076075 0.100459
2 0.074829 0.650097 0.111734 0.112683
