2 0.487977 0.521367 0.048672 0.042234
2 0.440922 0.820055 0.093719 0.061359
2 0.503945 0.873898 0.047391 0.066766
1 0.394633 0.914281 0.075391 0.074312
2 0.519828 0.978680 0.117938 0.042641
2 0.834313 0.937438 0.067313 0.054937
1 0.904078 0.851281 0.065656 0.067844
2 0.942367 0.813422 0.043672 0.038000
1 0.804984 0.763477 0.043844 0.049078
2 0.785680 0.687250 0.051891 0.029375
2 0.827313 0.635367 0.056313 0.048672
2 0.750281 0.550086 0.059938 0.073609
1 0.878414 0.544648 0.049109 0.045859
1 0.688055 0.491633 0.056328 0.061141
1 0.705555 0.623570 0.051078 0.051484
2 0.795102 0.364141 0.039609 0.051188
2 0.715766 0.304109 0.073531 0.061437
2 0.670602 0.116492 0.067984 0.045047
0 0.635203 0.171398 0.059937 0.063953
2 0.429852 0.166172 0.053891 0.067187
2 0.341352 0.311383 0.058734 0.055109
2 0.442117 0.413758 0.067172 0.045047
2 0.499234 0.470477 0.072813 0.058734
0 0.516703 0.607266 0.073156 0.069219
2 0.426430 0.723094 0.067172 0.065969
0 0.389000 0.567156 0.069344 0.050719
0 0.409234 0.490367 0.082844 0.099141
2 0.351523 0.175234 0.058641 0.056781
2 0.371516 0.223633 0.064281 0.035359
2 0.273523 0.138977 0.047016 0.079234
1 0.312578 0.219258 0.042062 0.041766
2 0.312102 0.033672 0.064141 0.041469
0 0.022922 0.154297 0.045844 0.051156
1 0.061539 0.494578 0.053891 0.052844
1 0.044742 0.657078 0.078234 0.061906
0 0.042398 0.543516 0.084797 0.088906
0 0.053383 0.617047 0.097266 0.060031
0 0.044250 0.911484 0.060906 0.052781
0 0.123977 0.895867 0.098547 0.128172
2 0.443516 0.616102 0.050469 0.076422
2 0.505531 0.684211 0.048406 0.081922
1 0.364633 0.400016 0.092609 0.072156
2 0.201055 0.033484 0.053203 0.033375
