0 0.768731 0.679570 0.057085 0.037485
2 0.457474 0.540016 0.061913 0.048473
0 0.418568 0.583318 0.070747 0.046042
2 0.397867 0.627104 0.062000 0.041699
2 0.360932 0.678485 0.046093 0.047847
2 0.310570 0.646499 0.075064 0.068391
2 0.305864 0.706775 0.046404 0.032915
0 0.615387 0.620144 0.055517 0.035653
0 0.722936 0.655389 0.125312 0.080674
0 0.681279 0.701390 0.055483 0.041505
2 0.336143 0.756075 0.043601 0.033290
2 0.512356 0.368722 0.053561 0.046805
0 0.799263 0.623534 0.052902 0.035534
2 0.081135 0.481218 0.042960 0.035502
