1 0.858930 0.130008 0.111828 0.112641
1 0.963656 0.041711 0.072687 0.070391
1 0.773391 0.123930 0.085719 0.061547
1 0.662375 0.148273 0.089750 0.073203
1 0.565828 0.490234 0.063969 0.066406
0 0.939742 0.855180 0.062953 0.065359
1 0.441234 0.559172 0.071594 0.052688
1 0.965445 0.195055 0.069109 0.065984
1 0.781477 0.507133 0.093859 0.076828
1 0.783906 0.434305 0.095250 0.071609
1 0.647102 0.478109 0.094922 0.098031
1 0.325586 0.509883 0.079609 0.081016
2 0.300125 0.682305 0.072000 0.080047
1 0.293766 0.923281 0.153469 0.138937
1 0.695602 0.922594 0.083797 0.069875
1 0.665844 0.606219 0.076063 0.066406
1 0.086289 0.174422 0.132453 0.111594
1 0.239961 0.149742 0.108828 0.097703
1 0.544977 0.242641 0.092109 0.086875
1 0.575539 0.105469 0.089703 0.106188
1 0.647352 0.070875 0.124703 0.094125
