1 0.384758 0.407000 0.057328 0.053594
0 0.082945 0.042445 0.068391 0.052766
0 0.187383 0.098719 0.051203 0.045781
2 0.178523 0.199148 0.050609 0.034453
2 0.057336 0.145570 0.039891 0.041453
2 0.149773 0.160555 0.031641 0.034422
2 0.183711 0.421523 0.061547 0.057922
2 0.230367 0.489297 0.076828 0.084875
2 0.341391 0.533148 0.076031 0.052703
2 0.246461 0.428562 0.052703 0.044656
2 0.500484 0.486250 0.055500 0.068313
2 0.650844 0.599750 0.080000 0.042063
1 0.575422 0.684937 0.058406 0.062937
0 0.627852 0.916359 0.073078 0.057250
0 0.358133 0.896578 0.137766 0.107969
2 0.299492 0.803492 0.040953 0.053984
2 0.356039 0.808844 0.046078 0.047938
1 0.539648 0.797211 0.067953 0.060047
0 0.556875 0.887039 0.053062 0.049797
2 0.364187 0.694820 0.093094 0.062828
1 0.286000 0.675047 0.094937 0.079125
2 0.203156 0.626406 0.056781 0.047000
0 0.220516 0.563203 0.070281 0.056781
0 0.454156 0.592758 0.055375 0.044203
0 0.697828 0.455836 0.053906 0.060734
2 0.793945 0.356680 0.090141 0.055516
0 0.787133 0.420234 0.041828 0.069187
2 0.695016 0.290508 0.041031 0.048672
2 0.730609 0.315047 0.028563 0.035813
0 0.807266 0.218703 0.063187 0.051094
2 0.452742 0.261828 0.045453 0.044250
2 0.448516 0.309289 0.049062 0.039422
2 0.737812 0.901086 0.039312 0.050078
0 0.305625 0.415406 0.051094 0.049219
1 0.745141 0.651641 0.070656 0.059844
0 0.912758 0.781047 0.100203 0.074969
