0 0.569359 0.575959 0.033241 0.047833
0 0.702024 0.337615 0.039596 0.060883
0 0.546347 0.234048 0.073685 0.088608
2 0.601200 0.162611 0.046963 0.079383
0 0.647665 0.552386 0.050471 0.077924
0 0.610493 0.549441 0.051103 0.063938
0 0.541982 0.561575 0.040437 0.053338
0 0.544119 0.631793 0.052093 0.083073
2 0.488418 0.706295 0.049276 0.070842
2 0.542374 0.739035 0.043521 0.065989
2 0.578766 0.759946 0.045139 0.069781
0 0.473202 0.964510 0.047555 0.070979
0 0.515417 0.913438 0.061726 0.079244
2 0.410479 0.972879 0.054159 0.054243
0 0.274944 0.974663 0.051965 0.050675
2 0.220373 0.909663 0.041142 0.068089
2 0.275130 0.350733 0.049536 0.059295
2 0.493763 0.092144 0.038769 0.058084
2 0.745794 0.161390 0.054669 0.073562
