0 0.959622 0.310718 0.080756 0.179914
0 0.948909 0.647790 0.102182 0.107089
0 0.953584 0.741973 0.069875 0.065474
2 0.658839 0.249219 0.066355 0.078726
2 0.913069 0.560306 0.058480 0.076965
0 0.618991 0.128011 0.080127 0.098849
0 0.926617 0.190367 0.048580 0.075083
0 0.763488 0.069767 0.064222 0.088921
0 0.366806 0.231589 0.073335 0.077075
0 0.346190 0.410448 0.071914 0.090329
0 0.298058 0.927170 0.067270 0.092720
2 0.555045 0.874121 0.049595 0.078516
0 0.595793 0.699076 0.093721 0.138425
2 0.971158 0.465159 0.057683 0.086148
0 0.890916 0.271335 0.063441 0.083847
