2 0.140227 0.567391 0.044797 0.058375
2 0.327688 0.763477 0.060469 0.047328
1 0.252328 0.870867 0.090344 0.069234
2 0.630789 0.901781 0.055734 0.055156
0 0.621406 0.846930 0.097969 0.051047
1 0.559789 0.015781 0.055328 0.031563
1 0.260523 0.570828 0.057891 0.069688
1 0.262937 0.458422 0.069719 0.056969
0 0.228117 0.536430 0.096422 0.101672
2 0.116813 0.477039 0.052594 0.069672
1 0.267563 0.796562 0.082375 0.075812
0 0.504672 0.580914 0.061406 0.075047
1 0.296617 0.398773 0.050828 0.060047
0 0.252578 0.309812 0.038125 0.040750
1 0.281883 0.215016 0.070484 0.075375
2 0.196563 0.065594 0.070469 0.046656
2 0.159242 0.214414 0.073016 0.058828
2 0.534555 0.348117 0.039609 0.057609
2 0.592125 0.136094 0.051281 0.074500
0 0.440094 0.167000 0.043312 0.051500
2 0.619398 0.456023 0.036516 0.040047
2 0.756773 0.900430 0.062672 0.046891
2 0.747352 0.982750 0.042953 0.034500
2 0.689937 0.668594 0.042062 0.054781
0 0.103336 0.161625 0.069297 0.059844
0 0.178750 0.146664 0.080375 0.061609
2 0.032695 0.123711 0.034078 0.036984
0 0.349281 0.452383 0.063563 0.045078
