1 0.080570 0.656609 0.082922 0.070531
1 0.772180 0.234805 0.059578 0.060047
1 0.452594 0.306078 0.098594 0.107219
1 0.870117 0.182695 0.096578 0.092203
1 0.939594 0.271797 0.102187 0.061063
1 0.620453 0.662867 0.120344 0.082391
1 0.465234 0.670250 0.105188 0.092156
1 0.319555 0.692820 0.088422 0.058172
1 0.919805 0.882297 0.069516 0.078625
1 0.860594 0.948266 0.093156 0.086688
1 0.732977 0.971570 0.098547 0.056859
1 0.378336 0.959844 0.102359 0.062469
1 0.315359 0.814445 0.058156 0.062453
1 0.383727 0.830336 0.090516 0.096391
