1 0.597562 0.532031 0.049719 0.050062
1 0.357891 0.613359 0.066375 0.067187
1 0.400523 0.521242 0.087297 0.092922
0 0.303180 0.511594 0.077641 0.122687
1 0.621047 0.657258 0.058000 0.058891
1 0.677242 0.640734 0.072422 0.054688
0 0.690461 0.586500 0.114484 0.085031
1 0.463156 0.819227 0.088656 0.066047
0 0.419703 0.868734 0.078219 0.083094
1 0.420922 0.949586 0.094562 0.065391
1 0.316648 0.845961 0.097984 0.079266
1 0.119891 0.696359 0.082844 0.088438
2 0.754133 0.902000 0.075391 0.069469
1 0.637008 0.708688 0.042547 0.043625
0 0.971039 0.570828 0.057922 0.075938
0 0.666180 0.442719 0.114484 0.071500
2 0.655852 0.509117 0.049547 0.060859
1 0.272922 0.368938 0.045156 0.047938
1 0.646648 0.274688 0.048859 0.055844
0 0.275531 0.081586 0.047469 0.050266
0 0.345109 0.100898 0.070281 0.054453
0 0.295977 0.175367 0.176797 0.128922
2 0.569898 0.099742 0.072141 0.045609
1 0.505906 0.057383 0.039094 0.044672
