2 0.403227 0.696008 0.074859 0.102172
1 0.390211 0.232484 0.060328 0.066781
2 0.547773 0.820141 0.062359 0.061938
1 0.062570 0.726117 0.078922 0.095266
1 0.066742 0.602344 0.059453 0.058406
1 0.027727 0.482836 0.054797 0.091547
1 0.020102 0.670383 0.040203 0.045047
1 0.112820 0.705578 0.039016 0.052688
1 0.033406 0.425602 0.047625 0.045891
0 0.307750 0.229273 0.086875 0.089297
2 0.387398 0.300469 0.064359 0.044250
1 0.498414 0.340086 0.068391 0.057516
2 0.405477 0.375281 0.046703 0.053094
1 0.357430 0.417930 0.095328 0.086891
1 0.450344 0.539813 0.062344 0.059531
