2 0.143903 0.466321 0.049336 0.045209
2 0.412632 0.312826 0.061022 0.026718
2 0.550368 0.585262 0.057208 0.025175
2 0.240315 0.699566 0.053389 0.028399
0 0.051738 0.686243 0.043301 0.035370
0 0.876030 0.586352 0.046759 0.036637
2 0.902062 0.528655 0.055193 0.042843
2 0.929281 0.501509 0.033527 0.027881
0 0.890613 0.372451 0.051142 0.037505
2 0.823684 0.351522 0.040566 0.044828
2 0.678420 0.335249 0.089098 0.041580
0 0.741000 0.352221 0.059659 0.050383
0 0.739217 0.307915 0.051713 0.039854
2 0.730320 0.274281 0.040848 0.031812
0 0.588856 0.399000 0.036311 0.021968
2 0.894113 0.281232 0.056377 0.044946
2 0.753596 0.615530 0.079769 0.037791
0 0.358801 0.388888 0.084409 0.048504
0 0.144911 0.423073 0.051177 0.036161
