0 0.434021 0.876279 0.069296 0.055459
2 0.524473 0.867353 0.087876 0.038874
2 0.901124 0.808401 0.071342 0.070331
2 0.820434 0.785378 0.076887 0.063075
2 0.563750 0.745890 0.132161 0.053499
0 0.303122 0.797725 0.087701 0.045814
2 0.201184 0.790549 0.086858 0.044975
2 0.439687 0.660480 0.120386 0.068311
2 0.486650 0.581064 0.094718 0.047192
2 0.679998 0.513451 0.073862 0.045791
2 0.790540 0.730246 0.124831 0.057905
2 0.963869 0.718841 0.072261 0.058868
2 0.485876 0.435551 0.085814 0.041791
2 0.895977 0.459350 0.089127 0.053687
2 0.862589 0.516746 0.129245 0.046672
0 0.985195 0.398326 0.029610 0.054087
2 0.617228 0.468021 0.109767 0.052354
