1 0.327617 0.911320 0.045828 0.047922
1 0.265094 0.214719 0.098031 0.106031
1 0.213992 0.099641 0.067453 0.061531
1 0.540789 0.155492 0.079641 0.072141
2 0.552922 0.103133 0.078656 0.041891
1 0.636094 0.429578 0.085625 0.077000
1 0.548047 0.451945 0.071094 0.061422
1 0.691289 0.552352 0.057078 0.054391
1 0.683047 0.652742 0.074063 0.092109
1 0.584313 0.710063 0.082469 0.082062
0 0.331328 0.586617 0.077719 0.059109
0 0.370664 0.678055 0.133109 0.152641
2 0.335758 0.768828 0.063297 0.035375
0 0.316672 0.803266 0.049344 0.048406
1 0.069969 0.849805 0.103375 0.103328
1 0.942539 0.412758 0.039922 0.052703
0 0.969391 0.488109 0.061219 0.086156
1 0.974109 0.353430 0.051688 0.082391
0 0.940836 0.187742 0.095328 0.095328
0 0.286625 0.397094 0.072906 0.097812
0 0.183500 0.449117 0.082250 0.071016
1 0.211547 0.375289 0.069781 0.056703
1 0.387555 0.388680 0.096578 0.083484
1 0.669828 0.972711 0.039906 0.047922
1 0.489164 0.806852 0.047984 0.044703
