1 0.378227 0.600547 0.071672 0.072156
0 0.373953 0.654937 0.046844 0.044156
0 0.426695 0.541047 0.058766 0.058688
2 0.473008 0.427148 0.051203 0.049547
0 0.479477 0.628336 0.057703 0.066359
1 0.740273 0.628125 0.077891 0.086594
1 0.812000 0.329305 0.077063 0.084016
1 0.711055 0.237492 0.068922 0.064078
1 0.783188 0.134367 0.087281 0.066766
1 0.147648 0.512344 0.094828 0.094781
0 0.086258 0.605234 0.094828 0.059781
0 0.054781 0.567539 0.085625 0.066234
0 0.054750 0.705672 0.066281 0.060313
1 0.074141 0.422953 0.082437 0.071094
1 0.351469 0.378258 0.098594 0.108766
0 0.038477 0.252406 0.065609 0.060812
1 0.334133 0.201898 0.096172 0.089297
1 0.436125 0.207531 0.080438 0.075625
1 0.122875 0.960203 0.065625 0.074000
1 0.169648 0.971375 0.040953 0.050719
1 0.328609 0.291477 0.053344 0.061266
0 0.426859 0.625484 0.049594 0.073781
1 0.863961 0.777031 0.056078 0.050469
1 0.799469 0.880156 0.049219 0.048594
1 0.497000 0.562047 0.082937 0.072688
