1 0.673547 0.257648 0.056781 0.045609
1 0.701930 0.300523 0.064672 0.046234
1 0.885102 0.317906 0.055516 0.060438
2 0.660609 0.205266 0.057562 0.044250
2 0.757750 0.130656 0.057156 0.057531
1 0.342266 0.042445 0.060500 0.068891
1 0.463508 0.220703 0.054453 0.047469
2 0.066039 0.448266 0.054391 0.072156
2 0.018969 0.380672 0.037156 0.060844
2 0.204992 0.117945 0.054453 0.052234
1 0.500867 0.743844 0.062078 0.063438
0 0.542500 0.935391 0.091000 0.111469
1 0.701266 0.607547 0.065281 0.057625
2 0.395164 0.345562 0.096578 0.096563
1 0.330359 0.474844 0.092844 0.079750
