2 0.715234 0.562322 0.095734 0.066399
0 0.875575 0.430768 0.129563 0.062152
2 0.828817 0.369244 0.062656 0.045445
1 0.134895 0.664542 0.124477 0.078115
1 0.029299 0.723205 0.058599 0.062184
1 0.823571 0.866697 0.148847 0.079609
1 0.878276 0.919972 0.073728 0.050547
1 0.625926 0.876701 0.091395 0.061330
1 0.636434 0.804312 0.152139 0.097171
1 0.518876 0.789944 0.111694 0.072545
1 0.705736 0.785844 0.088893 0.061903
1 0.932188 0.880211 0.102768 0.060881
1 0.918135 0.655804 0.100057 0.063107
1 0.961332 0.716633 0.072779 0.046862
1 0.600239 0.284674 0.138320 0.074336
1 0.610971 0.364420 0.170598 0.111358
1 0.420568 0.308790 0.136728 0.086741
1 0.130338 0.246286 0.114172 0.073683
1 0.416792 0.259553 0.079796 0.051901
