2 0.150336 0.848836 0.118422 0.070609
1 0.536320 0.691664 0.057984 0.060391
2 0.472469 0.789320 0.070312 0.064609
2 0.414930 0.841445 0.080828 0.048672
1 0.572977 0.841750 0.055578 0.043281
2 0.575617 0.653984 0.044172 0.064906
1 0.439148 0.615297 0.042422 0.050281
2 0.420852 0.540664 0.052516 0.033891
2 0.463500 0.489156 0.060156 0.057000
1 0.348039 0.470750 0.052078 0.059719
2 0.390586 0.401797 0.065797 0.082625
1 0.519492 0.394617 0.049578 0.053266
1 0.329273 0.333313 0.055859 0.062062
0 0.133977 0.921555 0.101266 0.079016
2 0.245461 0.875430 0.046578 0.055891
2 0.138922 0.741570 0.063125 0.061609
2 0.194828 0.749680 0.045063 0.062203
1 0.040367 0.755078 0.066141 0.058594
2 0.068328 0.673063 0.077531 0.070625
2 0.074773 0.588625 0.080859 0.059188
0 0.144781 0.464539 0.103094 0.083234
2 0.147203 0.350758 0.071281 0.106391
2 0.079234 0.480953 0.041031 0.069187
0 0.033328 0.428117 0.061219 0.060141
0 0.048117 0.370570 0.095609 0.059797
0 0.060461 0.316516 0.067453 0.051812
2 0.093297 0.271836 0.064344 0.043109
2 0.095055 0.215344 0.051797 0.036500
1 0.029539 0.243328 0.059078 0.069531
0 0.276836 0.151211 0.076328 0.064703
0 0.423234 0.139508 0.051406 0.047766
2 0.441062 0.215648 0.031250 0.045078
2 0.364891 0.156906 0.063406 0.059187
2 0.688828 0.074094 0.049719 0.061187
2 0.685500 0.159438 0.091125 0.075438
2 0.731922 0.326289 0.051750 0.047391
2 0.612773 0.804125 0.045703 0.041469
0 0.716781 0.278758 0.085281 0.051891
2 0.824703 0.981336 0.058719 0.037016
2 0.024875 0.079789 0.049750 0.032328
