2 0.471383 0.836266 0.067047 0.049531
2 0.248922 0.554344 0.038125 0.062188
2 0.672625 0.420945 0.035937 0.058297
2 0.833125 0.744234 0.041063 0.054250
0 0.803867 0.938242 0.052234 0.043609
0 0.689586 0.085211 0.054016 0.047141
2 0.602445 0.056547 0.063141 0.055656
2 0.562148 0.027625 0.041203 0.033750
0 0.362680 0.063414 0.055141 0.051641
2 0.327484 0.131758 0.066875 0.040484
2 0.295742 0.281016 0.059609 0.090719
0 0.324672 0.217031 0.074500 0.060031
0 0.256734 0.217469 0.058719 0.052156
2 0.204805 0.225578 0.046891 0.041188
1 0.417133 0.284898 0.082609 0.092234
0 0.389172 0.375375 0.032000 0.036813
1 0.436242 0.463414 0.042078 0.061797
2 0.223141 0.056922 0.066312 0.056813
2 0.728523 0.212367 0.054234 0.081203
0 0.362883 0.612250 0.070453 0.085656
1 0.399000 0.645109 0.059250 0.077438
1 0.400492 0.531617 0.071953 0.067422
1 0.412430 0.896305 0.094703 0.069672
0 0.405195 0.833859 0.053078 0.051719
