2 0.829779 0.915771 0.075788 0.063409
2 0.468003 0.921585 0.079609 0.066934
0 0.417121 0.839899 0.061711 0.058579
2 0.386131 0.692141 0.094606 0.102532
2 0.882524 0.913459 0.061408 0.058198
0 0.721796 0.894701 0.074909 0.060076
2 0.731481 0.681632 0.089731 0.068573
2 0.743290 0.506974 0.043749 0.064928
2 0.900364 0.405621 0.060216 0.082854
2 0.914374 0.487813 0.056155 0.049656
2 0.419312 0.141216 0.047389 0.050290
2 0.580018 0.423027 0.110448 0.069757
0 0.526813 0.070342 0.085035 0.121422
0 0.460675 0.065403 0.071175 0.085721
2 0.887716 0.184024 0.043008 0.054605
2 0.700110 0.454263 0.047653 0.060175
2 0.869145 0.975327 0.048178 0.035303
