1 0.197805 0.126719 0.058703 0.053844
1 0.130266 0.060695 0.108906 0.111703
0 0.366695 0.092797 0.080984 0.087500
1 0.438117 0.079773 0.087078 0.070734
1 0.257766 0.223820 0.080094 0.115891
1 0.057172 0.234523 0.081031 0.063766
1 0.031156 0.173320 0.062313 0.054922
1 0.459305 0.479820 0.100172 0.065172
1 0.215898 0.501898 0.066766 0.051172
1 0.071313 0.574594 0.111469 0.081312
1 0.252781 0.544172 0.073781 0.067844
1 0.454180 0.396078 0.068391 0.058156
1 0.454328 0.812758 0.063625 0.070922
0 0.550453 0.785641 0.128625 0.116813
0 0.052086 0.914391 0.096922 0.080250
1 0.660328 0.756078 0.069469 0.069469
1 0.704000 0.905273 0.074437 0.082391
2 0.881914 0.035063 0.057078 0.070125
1 0.925516 0.057734 0.056062 0.062469
