2 0.869211 0.970680 0.037234 0.058641
2 0.876125 0.664523 0.067625 0.045453
2 0.661656 0.650305 0.086594 0.054234
2 0.346195 0.545641 0.046484 0.051156
2 0.315445 0.025867 0.104578 0.050672
2 0.824070 0.783906 0.050734 0.044688
2 0.393727 0.623172 0.066359 0.051094
2 0.501938 0.512555 0.063156 0.085672
1 0.054227 0.820437 0.093328 0.103375
2 0.037133 0.891437 0.070391 0.037813
1 0.377516 0.746055 0.083469 0.075391
1 0.429766 0.952273 0.072000 0.095453
0 0.745391 0.812227 0.070437 0.067984
2 0.803523 0.970977 0.049922 0.058047
2 0.500930 0.808969 0.055109 0.071594
2 0.459656 0.615250 0.069594 0.076438
2 0.906922 0.743523 0.061156 0.061547
2 0.793492 0.630297 0.036203 0.043438
1 0.720594 0.610625 0.050781 0.054688
2 0.419461 0.466914 0.037203 0.059109
2 0.329414 0.464477 0.055984 0.064672
2 0.327328 0.391477 0.053187 0.059797
1 0.248211 0.485516 0.067484 0.061531
0 0.053531 0.697344 0.051719 0.058563
1 0.258492 0.572367 0.057109 0.050672
0 0.373531 0.913922 0.060344 0.085281
0 0.292797 0.211539 0.102312 0.078078
2 0.307578 0.128062 0.109375 0.071625
2 0.395430 0.149812 0.043109 0.057719
2 0.567930 0.120352 0.074047 0.054453
2 0.630086 0.075445 0.064234 0.054922
1 0.203602 0.045977 0.060703 0.066484
1 0.735586 0.128672 0.047547 0.045437
2 0.980180 0.279273 0.036828 0.057016
