2 0.791660 0.498363 0.061280 0.071820
0 0.352091 0.411014 0.059666 0.060193
2 0.497584 0.410754 0.071859 0.087684
2 0.839324 0.696831 0.084163 0.086714
2 0.839860 0.832854 0.067490 0.064681
2 0.435915 0.102127 0.063878 0.074519
2 0.375287 0.113012 0.055152 0.066065
2 0.595834 0.054910 0.060869 0.057059
2 0.641695 0.063788 0.070505 0.062517
2 0.747312 0.140588 0.101020 0.097369
2 0.820188 0.595091 0.052438 0.050450
2 0.715632 0.504318 0.050807 0.056433
2 0.802084 0.405911 0.049391 0.054253
0 0.399149 0.429510 0.042676 0.042724
2 0.628952 0.451219 0.066108 0.069797
0 0.430978 0.718814 0.085055 0.081828
2 0.738801 0.274630 0.085890 0.072470
2 0.773178 0.023856 0.104392 0.047712
2 0.802896 0.061007 0.060318 0.053517
0 0.740968 0.074722 0.050617 0.053080
2 0.491939 0.490753 0.058785 0.063913
2 0.409429 0.600277 0.046356 0.047802
0 0.373883 0.647351 0.059142 0.051861
2 0.501959 0.578594 0.047120 0.055011
2 0.920421 0.948538 0.036655 0.039443
0 0.792670 0.975845 0.058159 0.048311
0 0.481372 0.692731 0.045502 0.046070
2 0.338868 0.232654 0.072879 0.083590
2 0.765828 0.941873 0.066144 0.057496
0 0.714375 0.885172 0.063497 0.066433
2 0.489058 0.927357 0.070245 0.070387
0 0.482167 0.855490 0.063912 0.066678
