1 0.259781 0.408680 0.106062 0.087609
0 0.081836 0.945359 0.163672 0.109281
1 0.236945 0.836266 0.122453 0.110906
1 0.349117 0.856844 0.122953 0.098875
1 0.256266 0.739406 0.101875 0.049688
1 0.397039 0.777805 0.106391 0.071266
1 0.509203 0.924586 0.123969 0.080797
1 0.570930 0.806398 0.096859 0.090328
1 0.644953 0.788789 0.110906 0.099359
1 0.821109 0.767461 0.092844 0.086828
1 0.950703 0.803031 0.083313 0.083281
1 0.863977 0.848367 0.073734 0.051609
1 0.946516 0.649273 0.106969 0.100203
1 0.903648 0.747305 0.111516 0.074172
1 0.781766 0.703273 0.073344 0.069391
1 0.694367 0.724750 0.104141 0.094125
1 0.554258 0.687008 0.065109 0.060297
1 0.645133 0.614578 0.082891 0.068094
1 0.884383 0.644156 0.079422 0.079375
1 0.136156 0.586945 0.140531 0.102797
1 0.060680 0.496727 0.120578 0.102797
1 0.295555 0.545422 0.087172 0.061156
1 0.397484 0.578266 0.108000 0.082844
1 0.428500 0.386336 0.104969 0.073734
1 0.422859 0.459641 0.084156 0.067656
1 0.588336 0.463547 0.103672 0.094562
1 0.510906 0.374820 0.071125 0.047234
1 0.970070 0.337055 0.059859 0.075484
1 0.589891 0.384063 0.097156 0.071094
1 0.097492 0.411352 0.077109 0.048266
1 0.216406 0.160891 0.083219 0.106094
1 0.045414 0.096969 0.090828 0.113219
1 0.192102 0.087633 0.106422 0.089047
2 0.431797 0.083164 0.048719 0.047172
1 0.574086 0.101195 0.065203 0.070609
1 0.601586 0.028484 0.076922 0.053781
1 0.679852 0.060633 0.054984 0.048984
1 0.808453 0.064242 0.094656 0.065203
1 0.834578 0.110703 0.110656 0.063156
0 0.522687 0.139664 0.060344 0.058734
1 0.294813 0.088375 0.063969 0.049469
1 0.770055 0.419875 0.068859 0.065719
0 0.595617 0.890977 0.075234 0.063047
1 0.298719 0.030648 0.081312 0.058703
1 0.329477 0.138414 0.071672 0.051453
