1 0.810781 0.582281 0.076469 0.071062
2 0.364297 0.323414 0.062719 0.082891
1 0.832859 0.849180 0.102312 0.113078
1 0.758008 0.836258 0.075391 0.061391
1 0.843094 0.974672 0.087250 0.050656
1 0.889398 0.914875 0.059234 0.046312
1 0.896406 0.856453 0.070000 0.069469
1 0.802172 0.761945 0.070000 0.057078
1 0.726789 0.679820 0.080797 0.074859
1 0.846102 0.623078 0.082297 0.066656
2 0.449828 0.779750 0.061125 0.078562
1 0.787578 0.255516 0.081906 0.099125
2 0.683688 0.234023 0.081531 0.067766
1 0.763492 0.538102 0.058453 0.054078
1 0.724625 0.581484 0.064625 0.071625
1 0.883750 0.533563 0.079156 0.061937
1 0.695047 0.500109 0.062000 0.072813
2 0.601734 0.267656 0.058156 0.081875
