1 0.123898 0.746484 0.103984 0.085094
2 0.886734 0.702008 0.056719 0.064766
2 0.423367 0.749695 0.057766 0.090766
2 0.466211 0.907703 0.063297 0.059563
2 0.861898 0.947383 0.067297 0.038641
0 0.108305 0.422359 0.088891 0.091687
1 0.340078 0.469375 0.048875 0.051656
0 0.166031 0.480539 0.054500 0.053516
0 0.193938 0.425164 0.068406 0.072141
1 0.741289 0.345359 0.065203 0.076469
2 0.795641 0.357484 0.045906 0.060344
2 0.738539 0.272187 0.051484 0.045000
0 0.427719 0.469234 0.046625 0.050062
0 0.381492 0.428391 0.045891 0.042750
1 0.025477 0.084391 0.050953 0.070000
1 0.188172 0.801820 0.079125 0.064703
