0 0.536689 0.258309 0.071972 0.090659
2 0.206887 0.100607 0.053344 0.068921
0 0.819050 0.035566 0.105257 0.071131
2 0.856609 0.464776 0.091538 0.087027
2 0.559191 0.713617 0.066823 0.096942
2 0.283440 0.463236 0.061746 0.080412
2 0.320810 0.598654 0.048936 0.052949
2 0.420383 0.799016 0.069276 0.057593
0 0.572572 0.972326 0.135521 0.055349
0 0.629515 0.915884 0.114929 0.103536
2 0.540247 0.862560 0.060886 0.080831
0 0.595342 0.630828 0.088327 0.094912
0 0.248594 0.621821 0.094168 0.117179
0 0.184469 0.563309 0.074420 0.085927
