0 0.948882 0.133545 0.102235 0.063848
0 0.980188 0.326404 0.039624 0.072369
0 0.674738 0.750800 0.094688 0.059364
2 0.625740 0.618152 0.082147 0.066715
2 0.720633 0.632063 0.077526 0.061272
2 0.645411 0.528560 0.076540 0.050668
0 0.544464 0.634027 0.078984 0.050396
2 0.492300 0.381900 0.096660 0.080574
2 0.539680 0.441562 0.093796 0.049765
0 0.585444 0.387502 0.102960 0.086172
2 0.588787 0.220503 0.086760 0.045108
0 0.490094 0.301728 0.124404 0.068137
2 0.593940 0.296104 0.088859 0.058821
2 0.105665 0.239760 0.076479 0.041157
2 0.186515 0.314256 0.079984 0.070007
2 0.013817 0.107285 0.027635 0.048703
0 0.054945 0.085382 0.109891 0.069403
2 0.475866 0.092163 0.126862 0.057038
2 0.572165 0.143345 0.120457 0.068411
