1 0.683320 0.271062 0.106484 0.073625
2 0.675477 0.413797 0.055172 0.050656
2 0.530813 0.328758 0.060844 0.056797
2 0.513898 0.224406 0.043016 0.048656
1 0.569492 0.216906 0.045547 0.054594
2 0.548477 0.044719 0.100766 0.084094
2 0.940016 0.147078 0.090250 0.092281
1 0.860914 0.231750 0.075047 0.068969
2 0.972797 0.278641 0.054406 0.067406
2 0.947367 0.416328 0.043109 0.033469
2 0.980813 0.511203 0.038375 0.058000
0 0.977102 0.611836 0.041703 0.042422
0 0.979852 0.713922 0.040297 0.059469
2 0.604633 0.736547 0.049641 0.062594
1 0.493805 0.781188 0.061391 0.060594
1 0.356898 0.847094 0.073109 0.075750
1 0.377523 0.784414 0.080328 0.076891
1 0.444328 0.807383 0.065781 0.065734
2 0.323844 0.513523 0.053719 0.085766
1 0.288898 0.423547 0.091328 0.068094
1 0.382039 0.535836 0.057297 0.068953
1 0.084367 0.864102 0.048766 0.063828
1 0.192359 0.155953 0.105469 0.102937
1 0.187789 0.078875 0.088234 0.058313
1 0.247875 0.247477 0.096844 0.077078
2 0.882461 0.030906 0.090266 0.055281
0 0.679594 0.745758 0.077688 0.067453
2 0.968977 0.983602 0.029172 0.032797
