1 0.594602 0.482914 0.126734 0.087922
1 0.473047 0.407328 0.091219 0.078656
1 0.609883 0.390344 0.107984 0.090281
1 0.605438 0.317969 0.073125 0.070281
1 0.526109 0.341945 0.066094 0.080047
2 0.317805 0.490641 0.131766 0.074938
1 0.508883 0.503164 0.089828 0.062828
1 0.039672 0.434781 0.077531 0.084187
1 0.073227 0.508453 0.059797 0.057719
1 0.028469 0.620852 0.056937 0.066766
1 0.131320 0.870961 0.112672 0.104172
1 0.660891 0.835164 0.115094 0.092516
1 0.476438 0.753266 0.088094 0.094938
1 0.697586 0.949234 0.095859 0.092625
1 0.880414 0.937117 0.108234 0.078078
0 0.968070 0.701789 0.063859 0.058703
2 0.962773 0.648203 0.051203 0.046313
1 0.589641 0.748016 0.066094 0.055844
2 0.778367 0.782234 0.093547 0.047938
1 0.935664 0.265523 0.079953 0.091641
1 0.771687 0.049055 0.101031 0.079578
2 0.592484 0.073227 0.094406 0.086984
1 0.143953 0.069344 0.107500 0.112625
