2 0.687793 0.548232 0.031175 0.048323
0 0.700624 0.464816 0.034589 0.057999
2 0.562484 0.643502 0.052653 0.083835
2 0.374412 0.724848 0.051534 0.076409
2 0.344364 0.660971 0.040652 0.057305
2 0.615537 0.925041 0.049659 0.068565
2 0.530393 0.861973 0.039235 0.071226
2 0.816639 0.843526 0.049336 0.060724
2 0.791723 0.884395 0.037725 0.047805
0 0.912653 0.910686 0.065696 0.081786
2 0.788262 0.948872 0.056177 0.054777
2 0.459729 0.344973 0.029828 0.053844
2 0.567130 0.574776 0.032896 0.055215
2 0.555566 0.517510 0.032787 0.045779
