2 0.524956 0.627259 0.038012 0.069678
2 0.444128 0.681733 0.047533 0.088701
0 0.404282 0.830444 0.038863 0.071520
0 0.374870 0.968527 0.057939 0.062947
0 0.628704 0.943272 0.065392 0.113457
2 0.633558 0.618432 0.050726 0.092588
2 0.596498 0.644155 0.041354 0.065714
2 0.491793 0.671930 0.042328 0.081141
2 0.559946 0.558378 0.056025 0.114259
2 0.456121 0.535993 0.038324 0.070221
2 0.519617 0.342559 0.056773 0.096317
2 0.538104 0.148129 0.081188 0.132518
2 0.775829 0.200508 0.058374 0.118714
2 0.753612 0.038425 0.069659 0.076849
2 0.791445 0.042313 0.070624 0.084627
2 0.632899 0.027315 0.079911 0.054630
2 0.711741 0.121599 0.059760 0.101371
2 0.304727 0.499082 0.039411 0.084055
0 0.192056 0.967997 0.075403 0.064007
0 0.599841 0.927443 0.051176 0.092225
2 0.641570 0.498025 0.065484 0.109329
