1 0.709781 0.073484 0.068000 0.060500
1 0.021250 0.222094 0.042500 0.064625
2 0.568742 0.937602 0.064172 0.063547
2 0.157836 0.917352 0.046109 0.049234
0 0.235687 0.975031 0.079812 0.049938
0 0.179305 0.785883 0.065484 0.065422
1 0.191930 0.610891 0.054391 0.061375
0 0.153680 0.716437 0.108297 0.098000
0 0.102781 0.616008 0.107750 0.100703
0 0.095008 0.471148 0.050078 0.056547
2 0.120820 0.387414 0.059828 0.050609
2 0.090156 0.243633 0.047938 0.061391
1 0.505047 0.545187 0.075438 0.078625
0 0.493227 0.611430 0.072172 0.047391
0 0.537391 0.644273 0.092625 0.063547
0 0.645086 0.719664 0.059234 0.057078
2 0.561352 0.833562 0.068391 0.059781
2 0.632969 0.963766 0.045781 0.072469
0 0.885641 0.655352 0.060344 0.061953
2 0.965320 0.747648 0.053984 0.045609
0 0.827094 0.610117 0.055844 0.069359
2 0.788703 0.532625 0.034906 0.052125
2 0.631383 0.597312 0.075859 0.104250
2 0.581813 0.516805 0.069813 0.053984
2 0.579727 0.432563 0.046078 0.069813
2 0.480586 0.409992 0.071203 0.054453
2 0.486812 0.282203 0.072906 0.089719
2 0.569992 0.262883 0.059828 0.046109
2 0.408930 0.261945 0.041734 0.064172
2 0.427305 0.106805 0.076016 0.062922
2 0.323227 0.114117 0.043484 0.041828
2 0.703758 0.131898 0.047484 0.050734
2 0.810805 0.208227 0.061422 0.035828
0 0.769125 0.268500 0.069406 0.062375
2 0.858016 0.402078 0.061969 0.057719
0 0.921336 0.390898 0.050734 0.045609
2 0.929484 0.239078 0.057719 0.035375
2 0.122453 0.293219 0.055281 0.049719
0 0.046977 0.429500 0.065547 0.057094
