1 0.871203 0.046969 0.092094 0.060844
1 0.079086 0.821930 0.085672 0.071609
1 0.138891 0.833234 0.073781 0.065156
1 0.197047 0.873625 0.069469 0.071625
1 0.371234 0.855047 0.065750 0.058156
1 0.358602 0.760273 0.105016 0.079703
1 0.477070 0.743563 0.070391 0.056312
2 0.506844 0.833266 0.050281 0.041031
1 0.617266 0.802297 0.065969 0.078844
1 0.646516 0.720000 0.091219 0.081438
0 0.086648 0.884195 0.061141 0.053109
1 0.297664 0.504578 0.095953 0.083125
1 0.067352 0.511867 0.093516 0.087953
1 0.117586 0.463070 0.057016 0.054891
1 0.152320 0.333266 0.096578 0.098156
1 0.572469 0.430617 0.084125 0.058734
1 0.392078 0.443078 0.096531 0.097344
2 0.664602 0.368070 0.074422 0.083266
1 0.724500 0.371281 0.083281 0.076844
1 0.868727 0.712516 0.072641 0.064344
1 0.941555 0.677445 0.079359 0.077828
1 0.483008 0.395273 0.142734 0.108766
2 0.362312 0.351227 0.053313 0.073766
0 0.081672 0.164094 0.163344 0.138937
1 0.218805 0.053703 0.142172 0.104469
1 0.512023 0.123703 0.116859 0.082937
1 0.351547 0.059898 0.139469 0.102859
1 0.966078 0.392266 0.058719 0.056719
