2 0.294432 0.263540 0.099515 0.102309
2 0.486082 0.430962 0.088659 0.107566
2 0.287868 0.049389 0.106068 0.098778
2 0.221039 0.697536 0.107183 0.136695
0 0.321217 0.533373 0.111246 0.113419
2 0.047994 0.241622 0.071061 0.082643
0 0.838177 0.719905 0.173603 0.198990
0 0.894562 0.266865 0.136098 0.156755
0 0.971044 0.228893 0.057913 0.111932
0 0.978523 0.321873 0.042954 0.081084
2 0.884491 0.432611 0.080477 0.073636
2 0.716878 0.405988 0.079734 0.078195
0 0.102119 0.583383 0.077646 0.072294
0 0.148202 0.622958 0.057072 0.052687
2 0.667800 0.775786 0.066042 0.079104
