2 0.541148 0.561125 0.090078 0.050750
2 0.341070 0.660906 0.056359 0.059094
1 0.369758 0.700711 0.094953 0.066391
2 0.563063 0.677594 0.088687 0.079969
2 0.405586 0.573641 0.055266 0.056312
1 0.240602 0.591031 0.093891 0.080656
2 0.039828 0.561648 0.065750 0.044859
1 0.030617 0.494203 0.061234 0.062938
2 0.272070 0.952070 0.059828 0.070922
2 0.483617 0.943031 0.084516 0.081344
1 0.709742 0.705133 0.084891 0.081297
1 0.678758 0.615812 0.108203 0.097344
1 0.903305 0.457891 0.087297 0.093719
1 0.763297 0.460102 0.088125 0.069984
1 0.642648 0.466734 0.083266 0.076031
2 0.391578 0.268109 0.050719 0.047469
2 0.249430 0.186484 0.051422 0.048562
1 0.084586 0.350133 0.070797 0.057703
1 0.079117 0.277664 0.083766 0.079578
1 0.469344 0.185977 0.080563 0.093547
1 0.485430 0.242758 0.083766 0.063766
1 0.567320 0.149211 0.070797 0.054453
1 0.773508 0.137344 0.074516 0.071688
1 0.840992 0.247414 0.100578 0.093547
0 0.779344 0.250203 0.082375 0.060969
1 0.959922 0.138039 0.078656 0.094484
1 0.849828 0.101273 0.095000 0.079578
1 0.405391 0.898953 0.053500 0.075219
1 0.590273 0.200117 0.067828 0.042766
1 0.663133 0.145711 0.095266 0.054922
