2 0.448336 0.154311 0.067745 0.059909
2 0.840704 0.217203 0.049023 0.046011
0 0.771586 0.160626 0.081435 0.050375
0 0.807354 0.323844 0.069186 0.061612
0 0.825212 0.384322 0.113431 0.093437
0 0.864320 0.473335 0.113168 0.095618
0 0.857734 0.594364 0.053541 0.052522
2 0.824844 0.660923 0.062322 0.048690
2 0.840330 0.783625 0.051957 0.056300
0 0.489179 0.433332 0.073856 0.047406
0 0.449981 0.401135 0.095050 0.063101
0 0.353940 0.326519 0.062379 0.053989
2 0.445340 0.241438 0.071429 0.057259
2 0.389237 0.125404 0.050961 0.065246
0 0.116852 0.352879 0.063917 0.058158
2 0.049336 0.267384 0.056229 0.043887
0 0.168652 0.396968 0.060317 0.063796
2 0.197980 0.465552 0.038552 0.047152
2 0.355227 0.429544 0.082907 0.094982
2 0.394991 0.501883 0.072231 0.052610
2 0.388825 0.571993 0.050989 0.063077
2 0.481779 0.601837 0.073611 0.053155
2 0.463413 0.707136 0.078665 0.082598
2 0.381715 0.713830 0.061886 0.044958
2 0.536190 0.732676 0.046273 0.057911
2 0.503513 0.859299 0.079051 0.060719
2 0.604102 0.864909 0.045786 0.039573
2 0.240644 0.807472 0.050488 0.047409
2 0.145316 0.732151 0.062418 0.036609
0 0.191159 0.686832 0.072654 0.059524
2 0.118805 0.566061 0.065066 0.054828
0 0.056955 0.568232 0.053110 0.043523
2 0.034415 0.693248 0.058821 0.035817
2 0.814144 0.738872 0.057872 0.047442
0 0.899789 0.634298 0.068439 0.054711
