2 0.667437 0.190703 0.074313 0.067312
1 0.780516 0.198508 0.116312 0.095859
0 0.107711 0.338336 0.077953 0.109672
1 0.046336 0.360766 0.068609 0.064812
1 0.038203 0.442563 0.076406 0.096031
2 0.362789 0.238992 0.100891 0.055516
2 0.182906 0.236437 0.069937 0.063375
0 0.193680 0.027766 0.095953 0.055531
2 0.295383 0.053914 0.067859 0.070547
1 0.039586 0.033187 0.073234 0.062469
1 0.395859 0.021469 0.069469 0.042938
1 0.717180 0.754289 0.122672 0.096516
2 0.563234 0.281969 0.102844 0.064625
0 0.455477 0.611375 0.072703 0.084531
0 0.142828 0.773031 0.093781 0.071625
1 0.370344 0.672375 0.091750 0.121781
