1 0.412789 0.418219 0.064172 0.071656
1 0.773836 0.035484 0.061984 0.051906
1 0.620539 0.356461 0.080047 0.066547
1 0.702219 0.444656 0.060031 0.055844
1 0.732016 0.384617 0.052594 0.054922
1 0.905937 0.078977 0.076781 0.088422
1 0.286367 0.470719 0.075391 0.061437
1 0.195844 0.428367 0.073063 0.088422
1 0.117023 0.813547 0.098453 0.072281
1 0.517406 0.838352 0.054375 0.061922
0 0.774781 0.786117 0.058750 0.059766
1 0.126508 0.066383 0.130422 0.092234
1 0.411656 0.033203 0.082187 0.066406
1 0.506453 0.061727 0.087219 0.075703
1 0.489836 0.389359 0.093078 0.079344
1 0.612859 0.427203 0.083312 0.074000
1 0.556547 0.359953 0.077719 0.054906
