1 0.816164 0.415102 0.049234 0.046734
0 0.521586 0.611344 0.098047 0.097312
1 0.203664 0.709719 0.069359 0.068875
0 0.190359 0.669555 0.152031 0.112766
1 0.213719 0.900719 0.070406 0.061688
2 0.555164 0.904141 0.076641 0.039875
1 0.540211 0.954297 0.079141 0.067906
1 0.546789 0.818883 0.065047 0.060828
0 0.936469 0.970180 0.092281 0.059641
0 0.817523 0.827180 0.056234 0.044703
1 0.848016 0.571023 0.078250 0.064234
2 0.843883 0.492359 0.048672 0.031281
1 0.792070 0.371086 0.051109 0.043859
1 0.708344 0.288648 0.094531 0.073078
1 0.894508 0.265844 0.078703 0.060031
1 0.925711 0.210461 0.046078 0.045141
2 0.785391 0.123891 0.067031 0.051656
0 0.850789 0.120406 0.059109 0.052125
0 0.676930 0.085258 0.065203 0.045141
1 0.389273 0.295125 0.101922 0.100062
0 0.186125 0.560898 0.090344 0.063547
0 0.127836 0.496719 0.076078 0.069781
1 0.063438 0.411609 0.100063 0.087500
1 0.102992 0.300148 0.063766 0.095422
1 0.051336 0.179141 0.073078 0.060031
2 0.390625 0.077258 0.070281 0.049328
0 0.781805 0.461688 0.077266 0.083312
0 0.385922 0.516711 0.061906 0.068422
1 0.407609 0.229687 0.053844 0.034469
1 0.095141 0.057094 0.112062 0.060844
2 0.933828 0.400281 0.042000 0.047375
0 0.605750 0.968625 0.051094 0.060437
