2 0.585747 0.358639 0.068013 0.028165
0 0.844260 0.822944 0.079047 0.053500
2 0.975096 0.805627 0.049808 0.043893
2 0.862495 0.577991 0.097602 0.035332
2 0.478560 0.729177 0.057797 0.043929
0 0.414045 0.726967 0.061863 0.037623
2 0.285689 0.591437 0.066726 0.039603
2 0.663349 0.496016 0.073513 0.062034
2 0.318795 0.474331 0.106385 0.084208
0 0.481166 0.804880 0.177962 0.088366
0 0.304617 0.547420 0.081664 0.040555
2 0.460949 0.524060 0.109279 0.038861
2 0.257461 0.441496 0.090418 0.053529
0 0.017715 0.656401 0.035431 0.059231
2 0.220496 0.261484 0.071019 0.052108
0 0.125527 0.163441 0.086766 0.042135
0 0.253735 0.201980 0.065371 0.031168
2 0.704431 0.173130 0.050874 0.038763
2 0.923336 0.354020 0.090025 0.047532
