0 0.535258 0.153484 0.078141 0.076469
0 0.539914 0.712078 0.072703 0.111469
0 0.644648 0.710195 0.121703 0.109859
1 0.817781 0.734148 0.083469 0.084547
2 0.903945 0.663609 0.074859 0.064094
1 0.305125 0.767266 0.073781 0.076469
2 0.382430 0.686492 0.054984 0.043078
0 0.446758 0.718539 0.084547 0.063016
2 0.138828 0.345195 0.061438 0.055391
2 0.252156 0.277250 0.091688 0.053531
1 0.287773 0.374992 0.080984 0.093547
1 0.482586 0.309492 0.107078 0.087609
0 0.630570 0.240187 0.081359 0.136781
0 0.524250 0.246914 0.130313 0.107172
1 0.796430 0.278148 0.138453 0.135172
1 0.900094 0.159945 0.133594 0.105547
1 0.404398 0.187680 0.110453 0.119016
0 0.093414 0.711609 0.066047 0.061688
2 0.175031 0.629687 0.063563 0.039875
1 0.793063 0.388156 0.072344 0.086563
