0 0.179563 0.698421 0.063845 0.056968
2 0.063023 0.856346 0.090942 0.061733
2 0.152475 0.868521 0.082628 0.059021
2 0.118005 0.788787 0.066025 0.045860
0 0.122652 0.691643 0.047499 0.046092
0 0.125738 0.638240 0.063386 0.047880
0 0.198455 0.651450 0.071434 0.056057
2 0.175041 0.531068 0.058349 0.054540
2 0.249738 0.529955 0.051890 0.054260
2 0.234194 0.477282 0.063061 0.053051
2 0.073267 0.527546 0.078850 0.058033
2 0.042904 0.595033 0.046881 0.052506
0 0.248089 0.376483 0.094147 0.057505
0 0.163701 0.376679 0.069861 0.069494
0 0.095501 0.446272 0.101730 0.094750
2 0.443890 0.788158 0.051563 0.042169
0 0.442714 0.859714 0.074787 0.055147
2 0.515479 0.783269 0.063189 0.060412
2 0.582359 0.781418 0.066934 0.051824
0 0.541687 0.678226 0.085928 0.057377
2 0.575618 0.742209 0.080844 0.040138
2 0.567477 0.528287 0.048287 0.041868
0 0.893451 0.327399 0.068182 0.038609
0 0.612614 0.165285 0.058959 0.041203
0 0.247421 0.240357 0.064601 0.060919
