1 0.884297 0.865711 0.112656 0.106078
2 0.932563 0.517266 0.053063 0.056313
1 0.221875 0.199742 0.101250 0.108234
1 0.880789 0.770391 0.077547 0.083469
1 0.099742 0.937063 0.116859 0.102313
1 0.104391 0.580516 0.096344 0.099125
1 0.694711 0.420633 0.064141 0.065703
1 0.465648 0.222750 0.075859 0.090281
2 0.320078 0.608734 0.109906 0.097469
2 0.432375 0.603625 0.111469 0.086156
2 0.945125 0.462109 0.072594 0.066094
1 0.745227 0.096711 0.108484 0.084109
2 0.607094 0.489461 0.080844 0.071078
2 0.851836 0.471055 0.091547 0.100203
1 0.851172 0.517703 0.066375 0.066375
1 0.943891 0.924391 0.107781 0.117125
2 0.754445 0.912406 0.102859 0.098656
1 0.296672 0.918914 0.097469 0.113078
1 0.675758 0.172102 0.069234 0.067922
2 0.872953 0.141570 0.059875 0.067922
1 0.447969 0.856227 0.079125 0.068422
