1 0.772750 0.230414 0.053344 0.048297
1 0.703062 0.332453 0.047469 0.043750
1 0.482555 0.505727 0.064953 0.076422
1 0.868656 0.783672 0.062844 0.058187
1 0.650922 0.075063 0.076406 0.063438
1 0.766008 0.791117 0.053109 0.055391
1 0.769031 0.718742 0.075906 0.080984
1 0.567039 0.810664 0.090797 0.085172
1 0.858719 0.967539 0.068000 0.064922
0 0.496352 0.956875 0.106078 0.086250
1 0.520391 0.746320 0.062969 0.045234
1 0.040242 0.406477 0.061922 0.071078
1 0.295336 0.058773 0.064766 0.067984
1 0.405734 0.083508 0.065219 0.066766
1 0.422023 0.022852 0.063203 0.045703
0 0.028242 0.063984 0.054922 0.062031
0 0.344648 0.081016 0.057516 0.063969
0 0.334797 0.022508 0.046656 0.045016
