2 0.185969 0.508859 0.049687 0.062875
0 0.608336 0.316000 0.051141 0.050406
2 0.461219 0.351195 0.057281 0.077578
2 0.187578 0.715320 0.071625 0.073109
1 0.446320 0.198500 0.057578 0.068562
2 0.221156 0.848992 0.058813 0.053234
2 0.446133 0.033172 0.051891 0.065156
2 0.510141 0.029086 0.044313 0.058172
2 0.272656 0.025781 0.053406 0.046594
2 0.228531 0.045672 0.062875 0.050000
2 0.141047 0.146805 0.087875 0.080297
2 0.181398 0.610773 0.045641 0.041578
2 0.264305 0.496180 0.042078 0.048672
2 0.152242 0.420633 0.041078 0.046641
0 0.565414 0.345625 0.036672 0.035688
2 0.338594 0.422930 0.055781 0.059297
0 0.605813 0.637406 0.074031 0.067437
1 0.223234 0.184484 0.075000 0.060219
2 0.183273 0.276328 0.077641 0.056813
1 0.058469 0.231813 0.072719 0.067062
2 0.082711 0.027109 0.099234 0.050000
2 0.064906 0.082219 0.053781 0.042812
0 0.130937 0.080594 0.042813 0.045000
2 0.486992 0.428359 0.049078 0.054781
2 0.597859 0.515781 0.039438 0.040313
0 0.645594 0.553336 0.052906 0.041297
2 0.498898 0.517039 0.038266 0.048109
2 0.168750 0.982195 0.030719 0.033703
0 0.305117 0.979430 0.051891 0.041141
0 0.548336 0.624078 0.038953 0.038625
2 0.576961 0.137672 0.059609 0.072750
2 0.323328 0.937984 0.059313 0.045625
0 0.361109 0.869781 0.053750 0.056281
2 0.599422 0.856297 0.060344 0.058812
1 0.691000 0.883992 0.052937 0.050078
0 0.588359 0.784062 0.054156 0.056438
