1 0.858273 0.982656 0.059734 0.034688
1 0.528141 0.930141 0.097719 0.113500
0 0.211523 0.939656 0.043609 0.043094
1 0.228992 0.973758 0.077641 0.052484
1 0.280391 0.681859 0.095156 0.093156
0 0.459469 0.530633 0.134875 0.124359
1 0.626703 0.885898 0.072750 0.079359
1 0.775703 0.919008 0.099906 0.092016
0 0.811797 0.573133 0.066656 0.066672
1 0.752914 0.291625 0.072734 0.075813
2 0.448336 0.260727 0.070109 0.075391
0 0.432336 0.366125 0.049516 0.060906
1 0.203078 0.288742 0.082687 0.077078
1 0.762461 0.109172 0.068203 0.063375
