2 0.409790 0.977829 0.054290 0.044342
0 0.236268 0.893858 0.096195 0.117943
2 0.321342 0.763001 0.098047 0.137720
2 0.434611 0.903265 0.081870 0.084279
0 0.314141 0.613311 0.089783 0.113985
0 0.411514 0.804090 0.069390 0.071206
0 0.416737 0.451378 0.086591 0.090418
2 0.227856 0.087572 0.075925 0.088679
2 0.227646 0.283492 0.073389 0.073530
0 0.576240 0.353885 0.068383 0.087496
0 0.652421 0.336027 0.052901 0.079911
2 0.689999 0.408443 0.061072 0.060778
2 0.651233 0.628397 0.064532 0.081056
2 0.711819 0.501945 0.037929 0.049797
2 0.945803 0.488233 0.039781 0.060964
2 0.692617 0.228422 0.052414 0.067436
2 0.282195 0.177001 0.050000 0.048184
0 0.618124 0.258270 0.043571 0.052550
0 0.708136 0.299876 0.039259 0.058820
2 0.774987 0.414971 0.058595 0.048687
2 0.407970 0.560716 0.044512 0.044027
