0 0.085312 0.601922 0.057719 0.048406
1 0.828398 0.233500 0.054391 0.053313
2 0.448695 0.466844 0.060859 0.066781
0 0.481547 0.553008 0.071625 0.059234
2 0.494734 0.634047 0.062469 0.054375
2 0.523797 0.733273 0.042687 0.071203
2 0.584539 0.695461 0.071641 0.098547
2 0.577125 0.799250 0.046375 0.043812
1 0.134563 0.470367 0.110969 0.106547
0 0.262406 0.551195 0.056313 0.045609
0 0.139531 0.575859 0.127063 0.103313
0 0.174781 0.667500 0.054969 0.056313
2 0.534383 0.872992 0.043047 0.045484
1 0.210297 0.851953 0.068938 0.074469
2 0.425156 0.158336 0.051563 0.066672
1 0.518750 0.348203 0.106094 0.064625
1 0.540164 0.501164 0.060516 0.046078
1 0.599508 0.512797 0.047016 0.043281
0 0.064094 0.496891 0.053312 0.046312
2 0.865312 0.490016 0.041812 0.049750
