1 0.044141 0.691805 0.088281 0.077047
0 0.404563 0.647398 0.076531 0.079703
0 0.290672 0.601898 0.105063 0.091016
1 0.443359 0.588969 0.058156 0.057625
1 0.491023 0.657367 0.060859 0.066234
0 0.721180 0.687266 0.046422 0.042031
1 0.636930 0.690750 0.047984 0.053313
0 0.093281 0.762328 0.093469 0.059812
1 0.052641 0.617945 0.101813 0.080047
1 0.116867 0.642023 0.056766 0.056703
1 0.287930 0.707578 0.069859 0.070750
1 0.083820 0.961344 0.092609 0.077313
1 0.426750 0.965500 0.093469 0.069000
2 0.718297 0.946484 0.054437 0.076469
1 0.232211 0.368891 0.074859 0.090469
1 0.325781 0.322633 0.055656 0.050078
0 0.365461 0.269789 0.093109 0.076484
1 0.174156 0.271523 0.053531 0.048391
1 0.548289 0.202547 0.069859 0.096344
1 0.210461 0.031570 0.093172 0.059234
2 0.551039 0.013359 0.052828 0.026719
