2 0.194703 0.359063 0.067531 0.063125
0 0.508211 0.207828 0.095734 0.124656
2 0.437789 0.082742 0.059578 0.073203
2 0.378664 0.085180 0.059578 0.051516
0 0.838344 0.314609 0.057687 0.068281
1 0.322461 0.970492 0.109891 0.059016
1 0.039766 0.288695 0.079531 0.090297
0 0.174227 0.283344 0.086141 0.070281
1 0.056984 0.039492 0.106156 0.078984
2 0.384273 0.032344 0.086484 0.058719
2 0.806984 0.147070 0.056781 0.068891
2 0.830023 0.047242 0.059109 0.060047
2 0.894953 0.116586 0.082844 0.064703
2 0.603867 0.964734 0.061891 0.042375
2 0.795328 0.424461 0.074969 0.077734
2 0.910281 0.784672 0.078906 0.065719
2 0.877734 0.897836 0.061094 0.095266
2 0.956188 0.937813 0.058031 0.069531
1 0.498930 0.884695 0.054922 0.056672
2 0.575703 0.912156 0.053906 0.066375
2 0.178023 0.783906 0.050734 0.071219
1 0.227336 0.661266 0.073109 0.078188
2 0.427555 0.262352 0.082453 0.096953
