1 0.038203 0.568813 0.076406 0.091594
1 0.308477 0.116539 0.084703 0.085172
1 0.406859 0.214586 0.119031 0.073016
1 0.434047 0.284000 0.065156 0.051656
2 0.395813 0.384203 0.060094 0.056313
1 0.917984 0.540070 0.065625 0.064703
1 0.041070 0.677875 0.082141 0.074313
1 0.061891 0.914617 0.112781 0.076391
1 0.238297 0.944687 0.092531 0.075219
1 0.430367 0.906820 0.106109 0.086578
1 0.030414 0.220188 0.060828 0.096344
1 0.035531 0.334664 0.071063 0.075891
1 0.134687 0.592641 0.062469 0.055469
1 0.056039 0.974031 0.067016 0.047938
