1 0.169750 0.333602 0.066750 0.111953
0 0.772352 0.133109 0.071953 0.094219
2 0.730461 0.052281 0.086922 0.047969
2 0.633641 0.185383 0.039313 0.056016
1 0.241867 0.727625 0.086109 0.072594
1 0.209984 0.671312 0.087500 0.092156
1 0.114414 0.667266 0.065672 0.065625
1 0.087250 0.320742 0.089000 0.073359
0 0.434477 0.205750 0.053109 0.052125
2 0.523453 0.717391 0.083781 0.082844
0 0.531570 0.862609 0.056359 0.055844
1 0.465258 0.822344 0.057766 0.056313
2 0.574883 0.942195 0.073078 0.044672
1 0.866469 0.845617 0.088438 0.079578
1 0.941141 0.887039 0.076844 0.056328
2 0.961852 0.979477 0.074422 0.041047
2 0.899719 0.729266 0.088937 0.092625
1 0.854188 0.659445 0.087563 0.079953
2 0.933625 0.585219 0.046969 0.069188
2 0.776547 0.478078 0.117281 0.081906
1 0.225914 0.939492 0.099609 0.100078
1 0.198453 0.858742 0.079125 0.078203
1 0.116305 0.763563 0.088891 0.078656
