2 0.493617 0.466008 0.059828 0.056953
1 0.066922 0.186398 0.100531 0.072609
1 0.049477 0.250625 0.063766 0.078187
1 0.123008 0.427719 0.075859 0.068406
1 0.167703 0.591398 0.087781 0.057078
1 0.234211 0.460547 0.113078 0.092625
1 0.274828 0.956297 0.080969 0.087406
1 0.173344 0.839289 0.101500 0.079578
1 0.062578 0.932141 0.106156 0.103313
1 0.368836 0.949125 0.089359 0.061906
2 0.659734 0.857898 0.082844 0.067484
2 0.505594 0.523273 0.077906 0.057016
1 0.065609 0.114602 0.103781 0.079641
1 0.240250 0.144695 0.099812 0.073609
1 0.719750 0.224688 0.053562 0.046250
1 0.431977 0.107992 0.104672 0.085984
1 0.920289 0.765336 0.048328 0.045891
1 0.302180 0.631586 0.063953 0.058328
