2 0.434793 0.337371 0.093594 0.036659
2 0.751659 0.468142 0.055050 0.040089
2 0.184195 0.598220 0.051873 0.037606
0 0.179244 0.790295 0.075793 0.033627
2 0.298968 0.795272 0.088626 0.039619
2 0.355175 0.806434 0.057695 0.024401
0 0.623774 0.760475 0.077560 0.036317
2 0.667833 0.717282 0.092874 0.031520
2 0.702857 0.628771 0.085721 0.058995
0 0.667062 0.668690 0.104267 0.043558
0 0.759177 0.659683 0.082441 0.037070
2 0.829169 0.648401 0.065809 0.029341
0 0.571071 0.587448 0.045379 0.024947
2 0.813369 0.746156 0.092989 0.040683
2 0.119599 0.723397 0.077920 0.052920
0 0.593989 0.450084 0.100156 0.057530
0 0.524688 0.330199 0.074767 0.036095
