0 0.744110 0.360421 0.048670 0.054998
0 0.447232 0.253010 0.071586 0.082933
2 0.394536 0.271036 0.049389 0.038741
0 0.619398 0.416574 0.093450 0.102276
0 0.864340 0.435731 0.051970 0.064776
0 0.847501 0.487672 0.062698 0.057460
2 0.535460 0.786019 0.047544 0.050906
2 0.541683 0.650635 0.060522 0.042686
0 0.487785 0.715191 0.072881 0.086533
0 0.246346 0.663834 0.071170 0.081809
2 0.173279 0.715368 0.049144 0.049101
0 0.262714 0.016447 0.035704 0.032894
0 0.235850 0.737289 0.052575 0.047346
2 0.463290 0.023671 0.035423 0.027289
0 0.361494 0.550874 0.059914 0.058660
