1 0.096898 0.837797 0.067016 0.067031
2 0.447516 0.552523 0.069281 0.077859
2 0.531180 0.546023 0.074984 0.089391
1 0.293078 0.944852 0.126125 0.102391
1 0.137836 0.961953 0.078234 0.076094
1 0.829797 0.913531 0.093156 0.096937
1 0.915406 0.942609 0.083563 0.077531
1 0.772180 0.822250 0.068391 0.051156
1 0.772250 0.555688 0.116781 0.095156
1 0.785352 0.464023 0.115422 0.101453
1 0.774172 0.379547 0.082844 0.075875
1 0.655961 0.477750 0.109828 0.083312
1 0.686680 0.403055 0.103328 0.084703
1 0.179703 0.493656 0.127625 0.108250
1 0.107820 0.588164 0.094766 0.107703
2 0.020625 0.620359 0.041250 0.085062
1 0.228656 0.558656 0.069469 0.057625
1 0.296508 0.117461 0.096391 0.110922
2 0.756969 0.114562 0.096594 0.093719
1 0.872023 0.066180 0.097203 0.106109
1 0.099016 0.139266 0.126469 0.117750
1 0.401984 0.210977 0.101000 0.075391
1 0.717023 0.200609 0.074016 0.078844
1 0.660406 0.857523 0.091594 0.079703
2 0.124367 0.896930 0.085641 0.066047
