2 0.462241 0.765693 0.040300 0.057456
0 0.472528 0.610066 0.049896 0.041151
0 0.496680 0.564552 0.081117 0.079480
0 0.245332 0.509990 0.039995 0.052736
2 0.457772 0.839139 0.043581 0.037763
0 0.430993 0.723539 0.067324 0.053952
2 0.634875 0.876063 0.040211 0.047565
2 0.523744 0.358173 0.039801 0.034895
0 0.538416 0.212464 0.054136 0.077513
0 0.586993 0.227992 0.059018 0.051029
0 0.573186 0.292858 0.095696 0.089516
0 0.829605 0.167286 0.071097 0.074234
2 0.831794 0.233487 0.071837 0.062776
2 0.820938 0.318339 0.041478 0.051931
2 0.774613 0.367346 0.066074 0.062593
2 0.768112 0.439115 0.056499 0.058920
0 0.801304 0.532579 0.062166 0.064186
2 0.794407 0.632079 0.046900 0.077888
0 0.731435 0.567488 0.049165 0.056722
0 0.741232 0.626354 0.070940 0.072252
2 0.692350 0.764354 0.049650 0.047250
2 0.763372 0.686238 0.054644 0.046328
2 0.756226 0.739809 0.035899 0.036800
2 0.692839 0.865802 0.051067 0.076341
