1 0.383711 0.240953 0.094922 0.090906
1 0.328445 0.351820 0.068922 0.065703
1 0.208617 0.046891 0.095922 0.093781
1 0.247453 0.278742 0.103937 0.072172
1 0.616977 0.261617 0.106078 0.084016
1 0.909383 0.340242 0.092078 0.095859
2 0.687312 0.636094 0.083500 0.112156
1 0.429992 0.723578 0.067609 0.057125
2 0.288000 0.676969 0.071219 0.059187
2 0.269219 0.728352 0.046875 0.062203
1 0.088219 0.759938 0.142406 0.111813
1 0.268672 0.803570 0.089938 0.082922
1 0.184289 0.821562 0.058766 0.043031
1 0.350227 0.766250 0.086453 0.087688
1 0.480555 0.792398 0.072859 0.065172
1 0.399320 0.624945 0.073203 0.080859
1 0.470492 0.671805 0.090953 0.067578
1 0.306398 0.580891 0.083672 0.069188
1 0.029000 0.871687 0.058000 0.072000
1 0.642375 0.975016 0.070937 0.049719
2 0.842625 0.979945 0.099438 0.040109
2 0.950227 0.945812 0.056672 0.077531
1 0.944422 0.719758 0.074469 0.058734
1 0.126312 0.294328 0.083438 0.083438
1 0.251445 0.349953 0.098078 0.080656
1 0.094312 0.463125 0.108500 0.066406
1 0.415281 0.299477 0.078437 0.080047
