0 0.591633 0.399188 0.069922 0.104531
1 0.597641 0.840758 0.124375 0.120891
1 0.648398 0.956938 0.115578 0.083313
1 0.391977 0.918945 0.086734 0.073109
2 0.372258 0.810047 0.061016 0.104531
1 0.083031 0.827172 0.092844 0.069313
1 0.133602 0.947625 0.078828 0.094313
1 0.475109 0.899773 0.073188 0.082828
2 0.354422 0.631352 0.083750 0.049609
2 0.262016 0.643086 0.069313 0.042797
1 0.158992 0.213500 0.099391 0.075563
1 0.281953 0.167609 0.083656 0.103438
1 0.324297 0.068477 0.121719 0.092797
1 0.408969 0.243664 0.090250 0.082141
1 0.350180 0.153406 0.073078 0.083156
1 0.597867 0.577484 0.097297 0.079750
0 0.830773 0.526125 0.094359 0.110656
1 0.918008 0.536984 0.081453 0.071281
1 0.951266 0.373570 0.094656 0.080641
1 0.975734 0.789266 0.048531 0.075562
1 0.029258 0.555445 0.058516 0.056828
1 0.055969 0.045344 0.111937 0.080969
1 0.031828 0.232672 0.063656 0.118500
1 0.805922 0.942852 0.074094 0.062359
1 0.871773 0.152703 0.114047 0.075000
2 0.768781 0.085117 0.046344 0.079203
