1 0.114070 0.615742 0.066547 0.076797
1 0.597687 0.525875 0.096812 0.078187
1 0.586750 0.443727 0.057250 0.058172
1 0.225594 0.532828 0.104719 0.091281
1 0.259281 0.671133 0.101000 0.100984
1 0.054523 0.550594 0.063703 0.057250
2 0.160203 0.848992 0.075656 0.058328
1 0.045117 0.948359 0.090234 0.100969
1 0.628500 0.856781 0.103781 0.100531
0 0.781391 0.964695 0.090281 0.070609
1 0.964203 0.559469 0.058688 0.048469
1 0.496781 0.540836 0.053594 0.054203
0 0.465680 0.271523 0.085109 0.096797
1 0.230484 0.291109 0.101562 0.082875
1 0.572047 0.111062 0.087281 0.068375
0 0.355867 0.935797 0.050766 0.052844
1 0.586023 0.958219 0.065359 0.052500
1 0.722828 0.907469 0.063625 0.053187
0 0.978008 0.779906 0.042766 0.047281
