1 0.464133 0.451937 0.087172 0.081125
2 0.218422 0.648031 0.081656 0.080844
1 0.306719 0.553703 0.087688 0.087688
1 0.043141 0.555930 0.086281 0.105016
2 0.106602 0.886641 0.059453 0.044844
2 0.251047 0.960172 0.066750 0.043812
1 0.329539 0.858555 0.115016 0.088422
1 0.327398 0.920531 0.068203 0.059500
1 0.415500 0.837867 0.065687 0.054922
1 0.432672 0.902000 0.078687 0.067313
1 0.512875 0.819336 0.098562 0.061484
1 0.613234 0.823734 0.073219 0.061531
1 0.618281 0.939734 0.078125 0.062188
1 0.695164 0.911555 0.139578 0.066672
1 0.702906 0.782461 0.125125 0.097578
1 0.801727 0.815453 0.090766 0.092156
2 0.889227 0.838500 0.084234 0.100062
1 0.966836 0.859445 0.066328 0.099141
1 0.687500 0.516641 0.159375 0.124219
1 0.631906 0.450953 0.058406 0.063281
1 0.771180 0.395688 0.084141 0.105969
1 0.952805 0.525805 0.073016 0.076141
1 0.581477 0.471055 0.057078 0.055578
1 0.699422 0.608773 0.072438 0.054297
1 0.843266 0.229266 0.132219 0.100063
1 0.807500 0.163680 0.117500 0.081266
1 0.731664 0.034961 0.102578 0.065172
1 0.790586 0.118828 0.090109 0.042250
2 0.558695 0.190828 0.083266 0.088094
2 0.630094 0.165687 0.060344 0.046656
1 0.368023 0.186008 0.093734 0.104984
1 0.576789 0.059297 0.121078 0.113844
2 0.037109 0.285687 0.074219 0.077000
2 0.152305 0.179602 0.085078 0.088859
1 0.111703 0.694609 0.072813 0.068781
1 0.200875 0.856180 0.059563 0.045141
0 0.603461 0.567000 0.082922 0.078625
