0 0.493728 0.596529 0.099057 0.082196
2 0.035472 0.801853 0.070944 0.062126
2 0.063425 0.895218 0.102445 0.078463
0 0.882844 0.712403 0.145141 0.104087
2 0.938444 0.355966 0.123111 0.084828
2 0.530115 0.238530 0.091819 0.085217
2 0.144595 0.501917 0.084951 0.072354
2 0.197990 0.387693 0.067454 0.049827
2 0.338446 0.207506 0.095696 0.058433
0 0.551944 0.034962 0.187201 0.069923
0 0.630001 0.064255 0.158666 0.102511
2 0.505512 0.128062 0.083749 0.072419
0 0.579347 0.293461 0.121759 0.089478
0 0.098031 0.388005 0.129621 0.106542
0 0.029818 0.449477 0.059637 0.079544
