2 0.435422 0.147258 0.056562 0.068234
0 0.431180 0.341922 0.074016 0.046656
0 0.463156 0.401047 0.118656 0.091719
1 0.477633 0.483508 0.101766 0.078047
1 0.420336 0.581063 0.062797 0.075219
1 0.156438 0.443688 0.079656 0.078844
1 0.225023 0.442281 0.092922 0.072813
0 0.061133 0.442828 0.056703 0.062312
1 0.062352 0.259984 0.090109 0.081281
1 0.071609 0.113961 0.103781 0.077234
1 0.188258 0.145539 0.076422 0.058328
1 0.156078 0.056641 0.090094 0.107406
2 0.438031 0.055430 0.064406 0.043047
1 0.045297 0.021602 0.087281 0.041422
0 0.380805 0.196453 0.100078 0.060969
2 0.721102 0.027883 0.057734 0.055766
1 0.202289 0.846742 0.058328 0.052703
1 0.234469 0.763469 0.119250 0.105344
1 0.505539 0.342727 0.054234 0.049703
1 0.288180 0.590344 0.064359 0.076031
1 0.346078 0.604836 0.049125 0.061547
2 0.478617 0.660586 0.058766 0.039828
1 0.605250 0.881945 0.058406 0.064672
0 0.482563 0.843367 0.075937 0.092078
0 0.560914 0.829094 0.087234 0.058156
0 0.547727 0.746969 0.140547 0.102844
0 0.934102 0.929797 0.103391 0.086156
2 0.946219 0.847672 0.106094 0.071625
2 0.940289 0.740992 0.059172 0.061141
2 0.873937 0.675219 0.096938 0.072000
2 0.873133 0.585266 0.082172 0.068375
0 0.937531 0.472445 0.090500 0.074422
2 0.939742 0.347953 0.064359 0.093312
0 0.832344 0.421766 0.070781 0.066375
0 0.855453 0.349555 0.103406 0.083672
1 0.805172 0.254828 0.087344 0.080844
2 0.796750 0.172812 0.072813 0.054375
2 0.898086 0.277359 0.080891 0.052687
2 0.893883 0.209977 0.052297 0.042641
2 0.810820 0.046664 0.071203 0.090922
1 0.756695 0.062953 0.052328 0.043844
