1 0.946086 0.036844 0.068453 0.071625
1 0.637578 0.897266 0.185313 0.176094
1 0.325805 0.908039 0.149703 0.103922
1 0.164234 0.924461 0.107750 0.107703
1 0.266547 0.647406 0.145437 0.130844
1 0.361625 0.478586 0.115781 0.109859
1 0.768164 0.557211 0.115828 0.109859
1 0.887742 0.568242 0.102859 0.105016
1 0.961992 0.401719 0.076016 0.100312
0 0.957555 0.790578 0.084891 0.103438
0 0.892055 0.385586 0.081453 0.150797
1 0.539516 0.131898 0.133063 0.093703
0 0.279445 0.176859 0.178234 0.200875
1 0.105484 0.166086 0.143719 0.089922
1 0.454188 0.187359 0.090469 0.094781
1 0.722633 0.104977 0.106078 0.091547
0 0.862625 0.183859 0.149219 0.091000
