0 0.291219 0.870746 0.196300 0.139226
0 0.625378 0.923684 0.132670 0.152633
0 0.719703 0.938479 0.079845 0.091645
2 0.301720 0.507267 0.091897 0.090165
2 0.549783 0.857669 0.088353 0.080900
0 0.191325 0.438652 0.114644 0.109595
0 0.181470 0.803283 0.084222 0.069316
0 0.100290 0.593380 0.101301 0.089677
0 0.352105 0.168974 0.091917 0.097767
0 0.533443 0.179135 0.104458 0.098667
2 0.942657 0.506335 0.087793 0.071119
0 0.760411 0.519985 0.156242 0.132509
2 0.440789 0.914166 0.100272 0.097263
0 0.269681 0.777639 0.096191 0.087830
