2 0.867191 0.844308 0.049839 0.068870
2 0.619278 0.871703 0.033829 0.049494
2 0.609633 0.923428 0.035485 0.033138
2 0.596198 0.800740 0.038707 0.042949
0 0.648775 0.737096 0.037115 0.038054
2 0.663819 0.481481 0.043634 0.062450
2 0.753456 0.499005 0.036136 0.039005
2 0.806153 0.626216 0.038563 0.063841
2 0.832962 0.770727 0.029869 0.040154
0 0.748754 0.215325 0.032744 0.045312
2 0.598000 0.290727 0.035325 0.055792
2 0.577651 0.394724 0.025109 0.038993
2 0.582904 0.588035 0.035776 0.055776
0 0.681452 0.766851 0.037551 0.055396
2 0.520777 0.110996 0.052321 0.073018
2 0.551214 0.160924 0.031677 0.044138
2 0.676128 0.680868 0.048257 0.046066
0 0.872011 0.697454 0.048614 0.054390
0 0.812821 0.409630 0.058153 0.089498
0 0.732523 0.064653 0.050106 0.078223
2 0.582593 0.244034 0.020469 0.024131
0 0.730990 0.355959 0.045113 0.057553
