0 0.632810 0.867394 0.046233 0.037207
1 0.366250 0.479011 0.058653 0.043931
1 0.749350 0.594314 0.104309 0.060687
1 0.697200 0.756288 0.089075 0.059194
2 0.695300 0.823652 0.106295 0.053843
2 0.507656 0.824490 0.127079 0.054364
2 0.275102 0.795609 0.072265 0.099307
2 0.204160 0.796814 0.063929 0.091605
0 0.345034 0.647944 0.072174 0.054307
1 0.247218 0.660962 0.040858 0.034951
2 0.613695 0.648921 0.067127 0.058922
0 0.736939 0.498214 0.044789 0.040459
2 0.650106 0.494877 0.089486 0.068666
2 0.611056 0.411572 0.063998 0.069035
0 0.727481 0.429541 0.042633 0.032792
2 0.803720 0.370745 0.066151 0.054052
2 0.805866 0.312368 0.068560 0.056116
1 0.610912 0.293637 0.082620 0.043334
2 0.699900 0.371812 0.052002 0.056262
1 0.897165 0.383287 0.088892 0.054242
1 0.879470 0.460387 0.068295 0.042706
2 0.396073 0.535453 0.067470 0.074564
0 0.841890 0.157532 0.118060 0.078418
2 0.790673 0.088478 0.053205 0.062486
2 0.722251 0.108882 0.058701 0.055487
1 0.346245 0.077737 0.057852 0.035899
2 0.529647 0.076539 0.084595 0.055123
2 0.391182 0.758350 0.066514 0.053308
2 0.902309 0.802466 0.043325 0.039129
2 0.165282 0.584538 0.070815 0.045283
2 0.248729 0.621261 0.046886 0.031108
2 0.283443 0.500342 0.048330 0.033818
2 0.198155 0.524639 0.075060 0.044493
1 0.232311 0.575176 0.042480 0.030295
2 0.777485 0.442766 0.049791 0.042487
2 0.852782 0.094288 0.069961 0.046205
2 0.686837 0.567452 0.046031 0.052908
1 0.491177 0.869610 0.075754 0.034483
2 0.569965 0.476654 0.049056 0.037083
2 0.560226 0.573103 0.054647 0.038041
1 0.854824 0.587888 0.051141 0.029727
2 0.282515 0.463745 0.047045 0.032634
2 0.063473 0.199714 0.062629 0.047195
0 0.704958 0.276148 0.055699 0.044961
