0 0.284516 0.549656 0.039094 0.034906
0 0.167602 0.337648 0.044703 0.045047
0 0.465305 0.288094 0.094984 0.061906
2 0.405609 0.221539 0.049594 0.059797
0 0.166461 0.515680 0.056828 0.057703
1 0.229953 0.570875 0.051937 0.054531
0 0.228422 0.520805 0.064687 0.045141
0 0.335266 0.543922 0.049875 0.038156
0 0.302367 0.598156 0.057391 0.061906
2 0.362164 0.667266 0.057984 0.051687
2 0.260305 0.681984 0.049578 0.048688
2 0.192094 0.691000 0.050781 0.051687
0 0.276844 0.875094 0.050062 0.060844
0 0.231305 0.823125 0.077172 0.056313
0 0.255117 0.954539 0.056672 0.054234
2 0.334727 0.968578 0.058172 0.047469
2 0.369500 0.905852 0.055969 0.071234
0 0.591234 0.932320 0.056000 0.064078
2 0.714898 0.879063 0.044141 0.051094
1 0.672523 0.701844 0.061297 0.051938
2 0.859523 0.433047 0.063984 0.041375
2 0.610641 0.188125 0.044500 0.042750
0 0.949063 0.023125 0.081000 0.046250
2 0.169898 0.191734 0.066734 0.052875
1 0.332328 0.230453 0.051531 0.063156
