1 0.429688 0.312633 0.075625 0.076422
1 0.240164 0.077609 0.117984 0.134625
1 0.142719 0.922883 0.109875 0.123797
1 0.083398 0.867031 0.112172 0.112625
1 0.258398 0.922648 0.100078 0.114953
2 0.518922 0.835883 0.056656 0.082734
2 0.559594 0.795031 0.055969 0.051094
2 0.648961 0.905430 0.047609 0.037578
2 0.943523 0.854102 0.060391 0.050484
1 0.079789 0.768227 0.079266 0.084141
1 0.050172 0.517313 0.065156 0.066094
2 0.063875 0.454477 0.066594 0.054922
1 0.800039 0.026508 0.058328 0.053016
2 0.129758 0.519875 0.059578 0.057250
2 0.140672 0.458898 0.067531 0.054453
1 0.237492 0.426313 0.114078 0.092844
1 0.491938 0.085711 0.099625 0.099141
2 0.070266 0.149773 0.051750 0.057078
1 0.194812 0.505633 0.067187 0.070391
2 0.525508 0.704063 0.055109 0.094937
1 0.819937 0.327695 0.112000 0.105016
1 0.912531 0.280844 0.105594 0.081312
