1 0.922039 0.961234 0.063547 0.071219
2 0.571039 0.367016 0.100922 0.097594
0 0.864687 0.587305 0.109313 0.096391
0 0.852836 0.703891 0.072703 0.060313
1 0.546977 0.776586 0.082391 0.100172
1 0.669477 0.917945 0.059234 0.054391
0 0.231078 0.404508 0.060500 0.064797
1 0.470641 0.390484 0.103500 0.091594
2 0.570492 0.277117 0.078516 0.077328
0 0.831867 0.251852 0.069172 0.062922
1 0.871742 0.423195 0.086609 0.067922
1 0.954609 0.511359 0.089094 0.098437
1 0.150742 0.027500 0.075922 0.055000
1 0.192516 0.143805 0.096750 0.068391
0 0.096180 0.042289 0.065891 0.084578
1 0.507258 0.045188 0.076797 0.065156
