0 0.091336 0.822734 0.096391 0.060313
1 0.070594 0.681375 0.095875 0.099625
1 0.269313 0.654188 0.090469 0.098000
1 0.310508 0.555375 0.098547 0.123312
1 0.544219 0.582836 0.101781 0.107172
1 0.624711 0.533297 0.070047 0.073781
1 0.692305 0.632391 0.098547 0.103969
1 0.580578 0.666836 0.070000 0.064078
1 0.354383 0.348367 0.076078 0.065422
1 0.104563 0.252414 0.108406 0.122734
1 0.124156 0.387313 0.107844 0.081000
1 0.042000 0.313477 0.084000 0.122734
1 0.403633 0.208805 0.100922 0.085359
1 0.813180 0.134719 0.114641 0.093469
1 0.411695 0.599367 0.089922 0.081859
2 0.175836 0.670992 0.068391 0.107703
1 0.371578 0.775188 0.096937 0.094250
1 0.579977 0.879383 0.091547 0.075391
1 0.448047 0.968234 0.093688 0.063531
1 0.593445 0.953961 0.107703 0.088859
1 0.666953 0.898234 0.093156 0.080781
1 0.714609 0.837656 0.076469 0.067313
