1 0.870750 0.345773 0.092156 0.063734
1 0.590273 0.643883 0.070391 0.077234
1 0.838094 0.604430 0.074812 0.069984
2 0.140437 0.858555 0.059625 0.055859
2 0.274016 0.802469 0.062406 0.051656
1 0.562070 0.697063 0.106203 0.096937
1 0.037391 0.326070 0.074781 0.101359
1 0.113977 0.269555 0.100203 0.058328
1 0.529094 0.252625 0.069813 0.077719
0 0.928180 0.586844 0.075391 0.074000
2 0.955172 0.527273 0.061438 0.050734
1 0.942469 0.967719 0.070281 0.064563
1 0.520125 0.969586 0.085688 0.060828
1 0.866070 0.185609 0.135953 0.104719
1 0.849805 0.040766 0.090109 0.081531
1 0.811250 0.139391 0.068469 0.065625
0 0.495328 0.185844 0.063344 0.047938
