2 0.020148 0.618883 0.040297 0.071578
1 0.336906 0.251703 0.047812 0.038563
2 0.289805 0.359938 0.053516 0.056969
2 0.209406 0.274484 0.071438 0.087656
1 0.166461 0.334313 0.048641 0.054781
0 0.356195 0.561094 0.060078 0.061344
2 0.401578 0.532391 0.043812 0.066188
1 0.398266 0.708789 0.048688 0.044703
2 0.292234 0.660359 0.052156 0.059156
2 0.648656 0.868172 0.063969 0.056969
2 0.503102 0.030867 0.082203 0.061734
1 0.145781 0.192742 0.056875 0.061734
1 0.261367 0.481781 0.046641 0.048688
2 0.067172 0.754758 0.051625 0.047516
2 0.020969 0.720141 0.041938 0.065125
2 0.247844 0.409234 0.044188 0.037969
