1 0.502344 0.032234 0.114625 0.062719
1 0.857906 0.309922 0.099688 0.077250
1 0.807758 0.366000 0.104047 0.076000
1 0.352602 0.513352 0.082234 0.087859
1 0.309266 0.420203 0.129031 0.081000
1 0.600234 0.685094 0.078625 0.088844
2 0.912289 0.773680 0.082391 0.065703
2 0.709773 0.723867 0.088922 0.057609
1 0.320133 0.869430 0.098828 0.101641
1 0.232102 0.880852 0.093547 0.084703
1 0.051938 0.800094 0.103875 0.109375
2 0.540586 0.713547 0.057953 0.054219
0 0.477773 0.798719 0.071234 0.072813
1 0.407977 0.832945 0.066328 0.067766
2 0.349320 0.739414 0.083359 0.058172
1 0.034594 0.469242 0.067281 0.105922
0 0.608984 0.385477 0.105063 0.112016
0 0.479492 0.394359 0.105547 0.115781
0 0.701828 0.346742 0.084250 0.102609
1 0.307281 0.034531 0.141094 0.066781
1 0.243898 0.118031 0.087953 0.085781
1 0.837234 0.034539 0.100281 0.069078
1 0.709680 0.037781 0.110297 0.075563
0 0.953063 0.040664 0.093875 0.081328
1 0.148203 0.784508 0.080812 0.080016
2 0.149742 0.538953 0.064141 0.053313
