0 0.636334 0.683768 0.098758 0.074037
0 0.592451 0.733429 0.127474 0.098108
0 0.484184 0.849205 0.085919 0.081374
2 0.614528 0.954725 0.097564 0.087016
0 0.180077 0.844046 0.088548 0.087212
2 0.109747 0.968823 0.076589 0.062353
0 0.237798 0.776290 0.085163 0.094339
2 0.262848 0.677646 0.055579 0.068910
2 0.467785 0.706668 0.118370 0.139522
2 0.505361 0.601459 0.097708 0.080846
2 0.485305 0.505388 0.073637 0.092104
2 0.597505 0.451889 0.099492 0.081769
2 0.555883 0.308800 0.110960 0.122220
2 0.451509 0.310324 0.083693 0.069108
2 0.643348 0.263909 0.066946 0.084487
2 0.579917 0.093240 0.107498 0.092723
2 0.706002 0.072222 0.063054 0.059654
2 0.256921 0.199525 0.070208 0.070875
2 0.149678 0.316182 0.082842 0.057904
0 0.215517 0.372762 0.099469 0.090242
2 0.145247 0.549196 0.089353 0.082871
0 0.066737 0.554353 0.072713 0.065981
2 0.027772 0.384568 0.055544 0.056348
2 0.976882 0.218691 0.046235 0.071920
