0 0.923016 0.529492 0.060438 0.058578
2 0.921461 0.383078 0.046109 0.069781
1 0.456531 0.362641 0.073281 0.063531
0 0.407961 0.134375 0.115109 0.114281
2 0.313586 0.074703 0.044703 0.043094
1 0.049711 0.141477 0.070547 0.075391
0 0.135602 0.157898 0.109859 0.094234
0 0.150898 0.518805 0.117922 0.099078
0 0.146031 0.435063 0.065219 0.069469
1 0.262914 0.426187 0.082391 0.074313
1 0.216719 0.911242 0.097312 0.096609
1 0.608250 0.749437 0.107156 0.102812
0 0.901406 0.895852 0.081625 0.084109
0 0.942211 0.851305 0.102172 0.073516
0 0.971414 0.790242 0.057172 0.054828
1 0.893297 0.752859 0.092844 0.090969
1 0.935977 0.700836 0.083484 0.081609
0 0.781438 0.096289 0.047000 0.041891
0 0.816227 0.458992 0.042359 0.034828
2 0.397008 0.022570 0.094578 0.045141
0 0.802023 0.169469 0.059797 0.063094
1 0.809391 0.723172 0.078562 0.086219
