2 0.832328 0.086438 0.067313 0.060313
1 0.845516 0.036359 0.108781 0.072156
2 0.888797 0.237687 0.096094 0.088563
1 0.918602 0.424844 0.046578 0.057375
2 0.860625 0.431602 0.055438 0.050953
2 0.954063 0.968625 0.056312 0.057719
1 0.245977 0.472766 0.107516 0.114031
1 0.631516 0.682727 0.108781 0.081859
1 0.595773 0.502328 0.094391 0.103406
1 0.541938 0.413312 0.112062 0.109844
1 0.549234 0.342227 0.103937 0.075391
1 0.197430 0.090211 0.116859 0.128172
1 0.475562 0.107719 0.068938 0.083469
2 0.516492 0.058711 0.050609 0.050078
