2 0.404977 0.747719 0.078609 0.053531
2 0.502688 0.742852 0.082750 0.068828
0 0.961805 0.626859 0.076391 0.107844
1 0.744406 0.701852 0.107406 0.079234
1 0.082906 0.666375 0.109406 0.131937
1 0.154211 0.367055 0.129828 0.115234
1 0.067508 0.266094 0.117984 0.113625
1 0.309422 0.331531 0.082062 0.080313
1 0.165133 0.233547 0.107984 0.081438
1 0.445312 0.292187 0.108906 0.109375
1 0.470672 0.196773 0.122406 0.125203
1 0.595406 0.272641 0.114031 0.099125
1 0.553289 0.371547 0.086578 0.061437
1 0.673758 0.222469 0.088016 0.091687
1 0.343313 0.253172 0.082437 0.076031
2 0.909141 0.168484 0.047938 0.070281
1 0.084156 0.035078 0.081656 0.070156
1 0.711047 0.625617 0.080094 0.079578
1 0.753258 0.954437 0.130359 0.091125
