1 0.399000 0.560875 0.102437 0.103813
0 0.693727 0.582867 0.072141 0.074266
2 0.731555 0.459234 0.061359 0.054781
0 0.305141 0.754445 0.061344 0.059109
2 0.029469 0.403578 0.058937 0.097469
0 0.276062 0.278180 0.067969 0.064234
1 0.615078 0.414969 0.094250 0.102594
1 0.630883 0.641766 0.086516 0.089406
0 0.317930 0.638734 0.130484 0.092281
0 0.056570 0.805266 0.088016 0.063437
1 0.692648 0.235219 0.082578 0.091750
1 0.593391 0.227297 0.097594 0.097594
1 0.971234 0.255664 0.057531 0.082578
0 0.960812 0.070062 0.068406 0.091750
1 0.321148 0.462898 0.086578 0.089516
1 0.763273 0.607016 0.085859 0.076406
0 0.741680 0.674422 0.088672 0.071375
