1 0.476094 0.631789 0.037188 0.039828
2 0.445953 0.804078 0.062938 0.119719
2 0.515477 0.803898 0.062578 0.115766
2 0.568742 0.938133 0.070922 0.087609
1 0.446172 0.981758 0.061562 0.036484
2 0.432461 0.893805 0.098047 0.087266
2 0.496602 0.962469 0.044859 0.044500
1 0.223578 0.977180 0.077875 0.045641
2 0.135625 0.948102 0.096656 0.087609
2 0.247750 0.838109 0.114813 0.067906
2 0.082258 0.828148 0.114234 0.055891
0 0.126547 0.882055 0.037687 0.045609
1 0.076273 0.737078 0.098203 0.077719
0 0.394133 0.614211 0.070328 0.066547
2 0.147250 0.613516 0.074469 0.088437
1 0.040891 0.535789 0.072188 0.071672
0 0.413180 0.649039 0.059984 0.057109
0 0.347805 0.743969 0.053141 0.073219
2 0.482445 0.588602 0.057984 0.034859
2 0.443172 0.441602 0.052844 0.040672
1 0.374328 0.403359 0.050062 0.057375
2 0.335742 0.456898 0.045891 0.050422
2 0.348250 0.495836 0.061187 0.040672
2 0.115867 0.437492 0.085141 0.102328
0 0.051109 0.345234 0.039625 0.039281
2 0.075797 0.283344 0.056313 0.052500
2 0.184820 0.398914 0.039984 0.045547
0 0.038242 0.424875 0.039297 0.041312
1 0.068492 0.152641 0.040328 0.049406
2 0.650625 0.068750 0.068031 0.062344
2 0.523148 0.464617 0.085203 0.048328
2 0.086461 0.523164 0.045891 0.078578
