2 0.969977 0.403328 0.051203 0.051656
1 0.825281 0.878008 0.093094 0.088891
1 0.558961 0.906891 0.108422 0.130844
1 0.481672 0.904078 0.066094 0.079125
1 0.109438 0.674063 0.100156 0.086156
0 0.156844 0.944594 0.165875 0.110812
1 0.391172 0.632992 0.076469 0.076828
1 0.466391 0.684680 0.078875 0.080453
0 0.468695 0.584508 0.110453 0.098547
1 0.397828 0.530906 0.075719 0.064000
0 0.079961 0.590516 0.059578 0.078656
1 0.029539 0.605453 0.059078 0.064312
0 0.272687 0.277359 0.112625 0.103375
1 0.382906 0.288617 0.059531 0.052703
1 0.499961 0.368063 0.083672 0.065969
2 0.384156 0.174820 0.101375 0.069578
1 0.041875 0.232289 0.083750 0.081609
1 0.679187 0.349961 0.069625 0.062359
2 0.809500 0.467297 0.050281 0.050281
2 0.959992 0.244852 0.069391 0.067953
