2 0.774594 0.252578 0.044156 0.042406
1 0.841273 0.643078 0.146422 0.125250
1 0.805109 0.564727 0.101375 0.069984
1 0.919047 0.508813 0.102781 0.113438
0 0.757195 0.667680 0.085047 0.086234
1 0.452031 0.652180 0.086531 0.086828
2 0.359031 0.753141 0.076625 0.083219
1 0.175508 0.674984 0.101266 0.106375
1 0.849320 0.900164 0.094922 0.078453
1 0.773695 0.937562 0.078828 0.069562
1 0.957320 0.942000 0.076828 0.084875
1 0.466977 0.970695 0.076828 0.058609
1 0.053297 0.739891 0.091094 0.089688
1 0.112187 0.472070 0.120594 0.090766
1 0.055992 0.403086 0.093203 0.087953
2 0.159266 0.366023 0.081344 0.064672
1 0.502063 0.256391 0.089531 0.079625
2 0.701711 0.278203 0.091609 0.068938
1 0.701930 0.150891 0.102547 0.095594
1 0.942687 0.231023 0.096656 0.057703
1 0.950656 0.281094 0.098687 0.080656
1 0.966477 0.353742 0.067047 0.093172
1 0.594156 0.565344 0.065156 0.081438
2 0.287555 0.259953 0.086578 0.061531
2 0.431133 0.274898 0.051797 0.058047
1 0.130930 0.072141 0.115422 0.105000
1 0.656086 0.040172 0.104859 0.080344
1 0.872805 0.138750 0.080859 0.079625
1 0.243805 0.794492 0.058297 0.065203
2 0.246422 0.979094 0.055594 0.041812
1 0.862758 0.726336 0.076828 0.054234
1 0.061383 0.269195 0.108203 0.061141
