0 0.658094 0.468617 0.070063 0.059766
0 0.684555 0.892758 0.118453 0.115109
1 0.925719 0.392992 0.065156 0.063766
1 0.950969 0.533086 0.062406 0.067484
1 0.612320 0.314336 0.082984 0.072172
1 0.561852 0.610164 0.062828 0.068422
0 0.513258 0.193492 0.074859 0.105547
1 0.567914 0.028172 0.091547 0.053844
1 0.164219 0.728992 0.057562 0.054234
2 0.682344 0.565852 0.054719 0.064766
1 0.726594 0.543266 0.050531 0.047969
1 0.974445 0.178766 0.051109 0.092625
1 0.859531 0.169461 0.065156 0.063766
1 0.966578 0.286242 0.046531 0.052516
