1 0.086555 0.631992 0.079141 0.076641
1 0.365078 0.904609 0.123281 0.104531
1 0.730195 0.927484 0.094484 0.083781
1 0.466070 0.964438 0.109828 0.071125
1 0.766539 0.820250 0.124266 0.114500
1 0.910125 0.881922 0.108906 0.077719
1 0.045750 0.928469 0.091500 0.081469
1 0.194750 0.917414 0.109719 0.065422
1 0.180734 0.976000 0.077938 0.048000
2 0.191852 0.598961 0.051703 0.085359
1 0.042008 0.558820 0.084016 0.070547
1 0.834047 0.498523 0.119625 0.098453
1 0.946930 0.434969 0.106141 0.082250
1 0.351766 0.201758 0.072969 0.057328
0 0.036484 0.169359 0.072969 0.089719
1 0.401297 0.272789 0.120937 0.104672
1 0.432789 0.140078 0.065422 0.071031
1 0.533734 0.145063 0.089094 0.090969
1 0.835617 0.207680 0.108453 0.082859
0 0.741672 0.117938 0.067063 0.060500
0 0.851992 0.117469 0.093078 0.084719
1 0.453352 0.521156 0.085141 0.069937
2 0.524281 0.858805 0.081000 0.048391
