2 0.933299 0.871391 0.133402 0.084853
2 0.569121 0.781272 0.086445 0.074460
2 0.631819 0.841412 0.097413 0.058424
2 0.459934 0.628993 0.056170 0.072588
2 0.647997 0.521658 0.063465 0.040366
2 0.602511 0.463418 0.074091 0.065534
2 0.693715 0.376792 0.082592 0.093205
0 0.944804 0.949946 0.110391 0.092341
2 0.825639 0.891662 0.058268 0.063221
2 0.959378 0.758491 0.077885 0.070674
2 0.893959 0.762422 0.056996 0.069794
0 0.955438 0.463951 0.089124 0.096971
2 0.967167 0.342977 0.065665 0.118890
0 0.844754 0.120327 0.093425 0.075063
0 0.675968 0.095659 0.063242 0.055001
2 0.649471 0.174985 0.039674 0.050461
2 0.742257 0.119006 0.078025 0.068127
2 0.373141 0.019280 0.062314 0.038561
2 0.370460 0.094874 0.111398 0.087695
2 0.303872 0.268091 0.063612 0.054631
2 0.405367 0.785249 0.056149 0.047840
0 0.325063 0.218907 0.102821 0.062213
2 0.146152 0.955618 0.070894 0.044202
