2 0.534710 0.868358 0.063476 0.050861
2 0.888716 0.786087 0.046047 0.038795
0 0.828256 0.835569 0.075374 0.044941
0 0.853950 0.706958 0.064844 0.052264
0 0.867656 0.658905 0.105987 0.080016
0 0.899485 0.587071 0.105845 0.081625
0 0.888444 0.494564 0.050389 0.044070
2 0.855770 0.446220 0.058119 0.041982
2 0.864722 0.350519 0.049127 0.046757
0 0.560181 0.650251 0.068433 0.042045
0 0.525898 0.678398 0.088161 0.055676
0 0.441720 0.744080 0.058397 0.045954
2 0.528349 0.801613 0.066674 0.049205
2 0.482200 0.895696 0.048615 0.053366
0 0.225125 0.744295 0.059959 0.049210
2 0.167328 0.815878 0.052435 0.037845
0 0.270365 0.705913 0.056964 0.053111
2 0.294159 0.650635 0.036683 0.038719
2 0.438587 0.664739 0.078612 0.078462
2 0.471709 0.605671 0.067196 0.045796
2 0.463177 0.552287 0.048547 0.051745
2 0.546418 0.521304 0.068459 0.046326
2 0.525328 0.441912 0.074266 0.068815
2 0.450791 0.443824 0.057566 0.039149
2 0.590409 0.415982 0.044086 0.047458
2 0.555421 0.321428 0.073675 0.052472
2 0.646615 0.308421 0.042861 0.033689
2 0.318658 0.383999 0.047425 0.039972
2 0.235157 0.450161 0.057687 0.032947
0 0.278718 0.481052 0.067873 0.051009
2 0.217997 0.580181 0.060849 0.046820
0 0.161690 0.583857 0.049615 0.037296
2 0.135982 0.489662 0.054419 0.032035
2 0.842789 0.387199 0.054064 0.040652
0 0.925002 0.460220 0.063876 0.047032
