2 0.948486 0.402404 0.103027 0.089748
2 0.798165 0.406373 0.112981 0.065189
2 0.946436 0.453640 0.079826 0.051321
2 0.590961 0.494919 0.088017 0.070119
2 0.365804 0.459434 0.116391 0.058480
0 0.338177 0.212686 0.109818 0.067636
0 0.707911 0.137541 0.207036 0.127538
2 0.804795 0.188244 0.065612 0.054441
2 0.727056 0.203089 0.071444 0.051587
0 0.439954 0.211120 0.081268 0.055323
2 0.737185 0.291909 0.138020 0.078533
2 0.962774 0.289786 0.074451 0.054453
0 0.951831 0.343308 0.096338 0.066348
0 0.634045 0.399023 0.083368 0.051872
0 0.328780 0.583794 0.084446 0.063863
2 0.216756 0.690767 0.132654 0.072025
0 0.214192 0.640503 0.069624 0.066212
2 0.363317 0.707693 0.064731 0.050456
2 0.310451 0.701051 0.045420 0.036582
0 0.224315 0.799402 0.095251 0.059684
2 0.697457 0.648434 0.069911 0.048593
2 0.694373 0.611185 0.073911 0.046153
2 0.191779 0.260943 0.062659 0.050943
0 0.868584 0.483334 0.078490 0.054229
0 0.025806 0.410012 0.051613 0.090075
