1 0.084156 0.827359 0.085687 0.081250
1 0.496469 0.272414 0.091594 0.076016
1 0.262523 0.313070 0.101172 0.093172
1 0.186383 0.298820 0.090734 0.093172
1 0.032711 0.391688 0.065172 0.057125
1 0.445984 0.810859 0.125500 0.100563
1 0.236813 0.739258 0.091719 0.090109
1 0.384844 0.676516 0.113438 0.082063
1 0.500891 0.722969 0.113031 0.095344
1 0.321242 0.778086 0.116578 0.076828
1 0.104266 0.755148 0.095344 0.080047
1 0.109109 0.653117 0.067531 0.088422
1 0.270148 0.687102 0.127109 0.067016
1 0.592648 0.618305 0.098953 0.089703
2 0.910594 0.963719 0.050125 0.063531
1 0.332570 0.960484 0.082984 0.062469
1 0.848984 0.678172 0.074219 0.077219
