2 0.060406 0.537969 0.083312 0.040969
1 0.448391 0.847258 0.113094 0.096391
1 0.193945 0.805531 0.078078 0.070000
1 0.279547 0.784797 0.093219 0.085625
1 0.047031 0.902187 0.094063 0.060844
1 0.225328 0.704898 0.066844 0.057516
1 0.659703 0.692391 0.072156 0.053844
1 0.760133 0.602727 0.057609 0.068391
2 0.165922 0.525453 0.086750 0.054938
1 0.400414 0.464492 0.106078 0.070547
0 0.386664 0.328516 0.059266 0.062469
1 0.088398 0.050758 0.102859 0.100703
1 0.202570 0.115648 0.092078 0.087234
1 0.657508 0.042820 0.089172 0.079766
1 0.257500 0.038914 0.097469 0.073766
0 0.634234 0.425195 0.091594 0.095328
0 0.723922 0.437031 0.090406 0.071656
1 0.751031 0.272445 0.100531 0.076797
1 0.788430 0.690281 0.078141 0.075375
1 0.389969 0.725562 0.106094 0.120094
