1 0.289609 0.713109 0.071656 0.077250
1 0.279727 0.789836 0.090109 0.055516
1 0.327805 0.849242 0.056953 0.051172
0 0.784477 0.970711 0.069266 0.057672
0 0.670234 0.640875 0.111719 0.092937
1 0.491609 0.291234 0.076625 0.071031
1 0.589398 0.226117 0.077953 0.076641
0 0.887227 0.268180 0.077953 0.074766
0 0.900766 0.663883 0.078094 0.061391
1 0.185719 0.034430 0.085063 0.068859
1 0.455336 0.026859 0.066328 0.053719
1 0.928937 0.127258 0.066406 0.074984
1 0.277898 0.040016 0.076641 0.058563
1 0.194219 0.092617 0.055375 0.050266
