2 0.052687 0.035797 0.060437 0.071594
1 0.569063 0.357836 0.071031 0.077891
1 0.880359 0.965328 0.071625 0.069344
0 0.625617 0.806797 0.087828 0.070000
0 0.507273 0.696023 0.102203 0.054578
0 0.527945 0.572078 0.049047 0.063969
1 0.616367 0.623320 0.079266 0.079266
0 0.831445 0.597875 0.051703 0.057719
0 0.748148 0.301344 0.110609 0.107000
1 0.410617 0.337336 0.057922 0.063953
0 0.129828 0.405719 0.072438 0.062344
2 0.663531 0.236789 0.045281 0.045234
2 0.749422 0.192367 0.074906 0.054391
1 0.961313 0.948961 0.077375 0.101234
0 0.678766 0.029102 0.063156 0.058203
0 0.487734 0.076805 0.070531 0.059234
0 0.423648 0.086766 0.066234 0.065156
