0 0.912025 0.674635 0.053921 0.035976
2 0.618767 0.541585 0.058509 0.046602
0 0.581918 0.583734 0.066824 0.044184
2 0.562245 0.626235 0.058567 0.040030
2 0.527230 0.676189 0.043598 0.046104
2 0.479810 0.645560 0.070969 0.065837
2 0.475177 0.703915 0.043841 0.031614
0 0.767519 0.618111 0.052438 0.034208
0 0.868890 0.651529 0.118361 0.077408
0 0.829436 0.696308 0.052425 0.039886
2 0.503592 0.751426 0.041200 0.031998
2 0.671099 0.375483 0.050632 0.045041
0 0.941013 0.620218 0.049972 0.034111
2 0.263841 0.487092 0.040604 0.034148
