1 0.259492 0.847734 0.079641 0.076875
1 0.274922 0.694406 0.086094 0.070281
1 0.356086 0.565109 0.106109 0.108906
1 0.213672 0.592805 0.084719 0.071203
1 0.508047 0.553937 0.117750 0.094937
1 0.354344 0.904414 0.157250 0.137891
1 0.626563 0.873969 0.145937 0.109250
1 0.801055 0.872656 0.128672 0.116313
1 0.796594 0.770727 0.062531 0.075391
1 0.721680 0.810117 0.057703 0.061891
1 0.899500 0.865578 0.060844 0.064312
1 0.930023 0.436148 0.084297 0.093547
1 0.366008 0.200359 0.124266 0.091219
1 0.756703 0.075859 0.106625 0.091688
1 0.823484 0.172438 0.101500 0.075406
1 0.892367 0.054453 0.077297 0.080531
1 0.568500 0.947945 0.082937 0.087234
