1 0.030625 0.673961 0.061250 0.059797
2 0.951391 0.711000 0.055219 0.079281
1 0.102016 0.023383 0.082406 0.046766
1 0.259555 0.161773 0.091297 0.081797
1 0.026273 0.788102 0.052109 0.050984
1 0.450398 0.982367 0.040766 0.035266
0 0.604570 0.221445 0.091734 0.079547
0 0.855414 0.303906 0.088266 0.091156
0 0.929453 0.402906 0.041219 0.098719
0 0.965164 0.383453 0.069672 0.106250
2 0.959648 0.500750 0.080703 0.055156
2 0.941648 0.231320 0.051672 0.043547
0 0.973289 0.023187 0.053422 0.046375
2 0.839742 0.035344 0.051109 0.033687
0 0.211172 0.350352 0.100469 0.063297
0 0.211461 0.237711 0.062703 0.051672
0 0.279109 0.276031 0.088844 0.058656
1 0.323391 0.565383 0.098187 0.078391
