2 0.942930 0.330977 0.046016 0.041203
0 0.392797 0.358875 0.085187 0.091781
1 0.090641 0.387211 0.078094 0.093297
1 0.109398 0.194430 0.055766 0.067953
1 0.412547 0.092266 0.088281 0.074031
2 0.471641 0.037758 0.061344 0.046141
0 0.460719 0.306102 0.078031 0.055297
0 0.486852 0.377313 0.056047 0.054531
0 0.149656 0.677055 0.069969 0.070984
2 0.673508 0.556578 0.057484 0.051031
2 0.905469 0.287375 0.054344 0.057406
1 0.980125 0.397594 0.039750 0.056094
2 0.909195 0.194992 0.047328 0.047766
1 0.959781 0.122898 0.048688 0.047328
1 0.125320 0.742414 0.055766 0.050703
0 0.806883 0.134750 0.052797 0.038031
0 0.403656 0.025922 0.054031 0.044000
