2 0.056828 0.610492 0.051094 0.069172
0 0.500742 0.904273 0.096641 0.066047
0 0.389836 0.908320 0.082922 0.067922
0 0.057766 0.700836 0.111531 0.109047
1 0.213039 0.783203 0.066672 0.062937
0 0.400898 0.646750 0.066047 0.069156
2 0.055156 0.480125 0.052125 0.057719
0 0.338297 0.499266 0.056000 0.053312
0 0.033445 0.406906 0.066891 0.076469
1 0.271297 0.041531 0.099063 0.083062
0 0.322383 0.131664 0.094078 0.074766
0 0.398094 0.174656 0.061062 0.053594
2 0.413320 0.224812 0.069234 0.041750
0 0.415539 0.269984 0.064797 0.048594
0 0.272852 0.193664 0.102172 0.054203
1 0.493430 0.844367 0.063297 0.063766
0 0.151000 0.969727 0.067000 0.060297
2 0.312586 0.249664 0.047984 0.040328
1 0.633109 0.099594 0.074000 0.066094
2 0.483328 0.776664 0.058563 0.053578
