1 0.040609 0.031930 0.081219 0.063859
2 0.555820 0.261906 0.090547 0.073219
1 0.745883 0.318023 0.094172 0.063953
2 0.944992 0.245211 0.075672 0.070391
2 0.862852 0.248703 0.042078 0.048812
1 0.332750 0.404961 0.094563 0.063203
1 0.117672 0.623008 0.105594 0.075859
1 0.037195 0.764109 0.074391 0.061594
1 0.437633 0.640633 0.091766 0.080859
1 0.539422 0.618492 0.110219 0.108234
1 0.708352 0.623539 0.115078 0.083672
1 0.588484 0.556359 0.076469 0.075625
1 0.814375 0.611406 0.116281 0.065813
1 0.854656 0.540477 0.091781 0.082047
1 0.931141 0.588453 0.117500 0.070937
1 0.919672 0.938938 0.111813 0.103781
1 0.799805 0.910789 0.067578 0.049078
1 0.773258 0.967094 0.061141 0.059531
1 0.720719 0.912398 0.087281 0.055453
1 0.193523 0.969977 0.081453 0.060047
