2 0.312906 0.846616 0.047961 0.048570
2 0.266593 0.861892 0.050839 0.045327
0 0.176890 0.762060 0.085694 0.093237
2 0.255629 0.675012 0.088572 0.107416
2 0.338935 0.788643 0.071802 0.067963
0 0.259970 0.565045 0.080256 0.089784
0 0.326778 0.713965 0.060841 0.057443
0 0.355208 0.457058 0.076033 0.072787
2 0.225187 0.172759 0.067327 0.070470
2 0.211602 0.315729 0.064223 0.059494
0 0.492713 0.401759 0.061174 0.068864
0 0.556422 0.396299 0.048182 0.061921
2 0.582287 0.452887 0.053415 0.049219
2 0.535433 0.609567 0.057623 0.063916
2 0.593785 0.523298 0.034019 0.039092
2 0.786646 0.536552 0.036294 0.047181
2 0.596759 0.321760 0.046915 0.053046
2 0.263635 0.243430 0.043620 0.039181
0 0.533613 0.336139 0.038753 0.041615
0 0.604596 0.375453 0.035723 0.045610
2 0.651551 0.466100 0.050573 0.040413
2 0.340533 0.535987 0.038912 0.035681
