1 0.568937 0.278906 0.081312 0.090469
1 0.746648 0.112508 0.136234 0.107703
1 0.644602 0.102273 0.100172 0.096922
1 0.724570 0.211859 0.125484 0.072687
0 0.540687 0.139781 0.060031 0.048406
0 0.582578 0.181898 0.051656 0.053516
1 0.582531 0.814453 0.066563 0.047469
1 0.939164 0.096078 0.105547 0.111469
1 0.320352 0.609266 0.166359 0.102187
1 0.287328 0.681844 0.070406 0.081625
1 0.320969 0.722656 0.074156 0.059812
1 0.182336 0.562219 0.063547 0.064188
0 0.676117 0.530133 0.147672 0.118391
1 0.884227 0.539789 0.116516 0.114016
1 0.908836 0.401156 0.134578 0.132094
1 0.595930 0.909875 0.091547 0.073781
1 0.672664 0.842555 0.082391 0.064078
1 0.697430 0.930336 0.064078 0.047922
1 0.923336 0.948102 0.093703 0.075922
1 0.972438 0.852789 0.055125 0.058703
0 0.864102 0.876758 0.065703 0.071078
0 0.409867 0.901789 0.058703 0.061922
0 0.519727 0.805664 0.074859 0.093703
0 0.313977 0.948609 0.100766 0.102781
0 0.227586 0.968266 0.067859 0.063469
1 0.231891 0.893719 0.081844 0.065156
1 0.118273 0.611805 0.082922 0.075391
1 0.037406 0.630820 0.074813 0.106766
1 0.061125 0.197078 0.110781 0.108906
1 0.439969 0.286984 0.092625 0.084000
