1 0.669730 0.429285 0.083617 0.057258
0 0.959962 0.267335 0.070107 0.032774
1 0.704309 0.322133 0.114012 0.060820
0 0.838482 0.594424 0.110172 0.063130
1 0.677452 0.703335 0.093331 0.051775
1 0.240068 0.244399 0.142028 0.064598
1 0.446102 0.913232 0.128559 0.075696
0 0.864905 0.919929 0.147013 0.091589
0 0.746159 0.869691 0.135519 0.063485
1 0.944779 0.853645 0.074994 0.039899
1 0.790080 0.640170 0.067896 0.040750
1 0.383030 0.652032 0.093501 0.061008
2 0.629991 0.358858 0.066717 0.071528
1 0.530083 0.351439 0.098381 0.081950
