2 0.794356 0.944663 0.068019 0.085952
2 0.687884 0.675763 0.077246 0.084837
2 0.602737 0.542031 0.089650 0.126353
0 0.292316 0.589033 0.106010 0.126930
2 0.157277 0.729730 0.090386 0.103007
2 0.163301 0.874999 0.108812 0.086272
2 0.242975 0.958576 0.138381 0.082849
0 0.169901 0.437218 0.099837 0.093289
0 0.136070 0.514311 0.098733 0.085162
2 0.189886 0.587127 0.061857 0.100495
2 0.283348 0.417867 0.109128 0.140721
2 0.243605 0.317405 0.087105 0.086359
2 0.147560 0.154410 0.060630 0.073528
0 0.977703 0.418109 0.044593 0.139577
0 0.541334 0.018441 0.097775 0.036883
0 0.483197 0.207689 0.127638 0.120056
2 0.704272 0.293975 0.052427 0.083622
2 0.617086 0.197312 0.081921 0.086470
2 0.190921 0.026547 0.078151 0.053094
