2 0.425480 0.986620 0.052034 0.026760
2 0.406605 0.892380 0.065244 0.062773
0 0.533035 0.804703 0.063865 0.054811
2 0.657123 0.402595 0.067696 0.094906
2 0.825999 0.453262 0.061367 0.056727
2 0.881989 0.668713 0.056221 0.098755
2 0.880924 0.905040 0.047421 0.060503
0 0.921849 0.017913 0.051447 0.035827
2 0.598993 0.082888 0.052620 0.085838
2 0.520671 0.242862 0.037680 0.059872
2 0.459365 0.551197 0.053596 0.085682
0 0.585945 0.860283 0.057568 0.084518
2 0.607369 0.722377 0.084462 0.065396
0 0.971788 0.798624 0.056424 0.079612
0 0.965718 0.326451 0.068565 0.137269
2 0.586141 0.011314 0.033910 0.022629
0 0.835019 0.220367 0.072915 0.086058
