0 0.081180 0.473219 0.162359 0.211219
1 0.289031 0.123945 0.148500 0.141297
1 0.471531 0.076047 0.080563 0.055375
1 0.261672 0.534172 0.095844 0.064156
1 0.760758 0.438250 0.159391 0.127625
1 0.909922 0.412664 0.114156 0.103391
0 0.626773 0.806055 0.089828 0.062359
0 0.728008 0.801641 0.107047 0.087031
1 0.714742 0.887734 0.105641 0.082375
1 0.431766 0.808148 0.155906 0.120547
1 0.263984 0.905656 0.153594 0.098656
1 0.321000 0.819227 0.096312 0.073359
2 0.227320 0.218234 0.077141 0.095156
1 0.641555 0.067812 0.079641 0.075406
1 0.704852 0.053148 0.061016 0.043297
1 0.734664 0.118305 0.082391 0.062828
1 0.934070 0.095031 0.081016 0.122406
1 0.506250 0.293719 0.078500 0.060438
