0 0.139430 0.865547 0.064609 0.053844
1 0.556914 0.714727 0.054016 0.045453
1 0.203258 0.091992 0.085672 0.067578
1 0.556203 0.029258 0.053906 0.047391
1 0.642094 0.346875 0.061906 0.055375
2 0.661680 0.060414 0.103328 0.063766
1 0.366859 0.149195 0.088500 0.066766
1 0.174039 0.038727 0.104672 0.077453
1 0.062500 0.131664 0.119625 0.103422
1 0.273578 0.155891 0.075344 0.087719
2 0.732367 0.700094 0.057328 0.061063
1 0.722750 0.499352 0.074938 0.059109
1 0.768359 0.417438 0.075875 0.064688
0 0.478633 0.394625 0.106109 0.090750
1 0.092305 0.452305 0.053172 0.056484
1 0.064312 0.512672 0.063000 0.064625
2 0.393602 0.542289 0.045234 0.047391
1 0.244438 0.573250 0.100156 0.050094
1 0.372844 0.485469 0.058750 0.063000
1 0.396297 0.937977 0.068938 0.050078
