1 0.822750 0.253930 0.045406 0.053484
1 0.679180 0.334211 0.048953 0.049578
1 0.562133 0.756687 0.065703 0.063625
1 0.636570 0.801562 0.079672 0.090000
1 0.580789 0.651242 0.060172 0.060141
0 0.647711 0.697648 0.095984 0.068141
1 0.268727 0.808500 0.076797 0.094437
0 0.243711 0.698391 0.059203 0.078125
1 0.192125 0.721562 0.055375 0.064656
1 0.750812 0.947492 0.064625 0.060391
1 0.855773 0.455266 0.058984 0.067000
2 0.975672 0.565211 0.040625 0.045047
1 0.670016 0.475914 0.078906 0.073016
1 0.524625 0.685445 0.065563 0.077641
0 0.440594 0.371648 0.113844 0.102578
2 0.550000 0.270875 0.088906 0.065969
1 0.548992 0.385930 0.057922 0.057922
1 0.153305 0.347977 0.078609 0.053203
1 0.213813 0.353711 0.075094 0.063266
