1 0.909401 0.848530 0.113075 0.065810
1 0.601697 0.830215 0.133605 0.093040
1 0.513182 0.818181 0.081401 0.056334
1 0.102030 0.630310 0.120989 0.065114
0 0.137508 0.799016 0.198147 0.088708
1 0.428279 0.643373 0.093148 0.056345
1 0.510998 0.684463 0.096164 0.058842
0 0.520653 0.624653 0.133675 0.073928
1 0.443064 0.582997 0.091390 0.048545
0 0.074043 0.576223 0.073889 0.055181
1 0.025640 0.578439 0.051279 0.046505
0 0.317173 0.414078 0.136506 0.077117
1 0.442894 0.435589 0.072018 0.039599
1 0.571690 0.498937 0.100656 0.050792
2 0.452294 0.367460 0.121228 0.055327
1 0.055401 0.356134 0.101840 0.060189
1 0.778672 0.512064 0.084280 0.046745
2 0.920033 0.599927 0.061232 0.036907
