1 0.307586 0.387085 0.049056 0.089117
1 0.638955 0.500929 0.070066 0.091414
1 0.628195 0.594320 0.041897 0.067665
1 0.381588 0.484235 0.076049 0.106528
1 0.410279 0.327361 0.073850 0.117502
1 0.263829 0.459951 0.046329 0.066766
2 0.348578 0.122267 0.054647 0.068277
1 0.272748 0.032446 0.066395 0.064892
1 0.673127 0.124423 0.075758 0.117051
0 0.783175 0.023157 0.065250 0.046314
1 0.894032 0.471269 0.042516 0.056638
1 0.569668 0.481496 0.039211 0.063054
0 0.537685 0.787780 0.062685 0.112354
1 0.375596 0.759910 0.073536 0.096871
1 0.605108 0.966605 0.063086 0.066790
0 0.487423 0.029320 0.037200 0.058639
1 0.647652 0.019239 0.047291 0.038478
1 0.740406 0.068861 0.046117 0.062132
0 0.912143 0.220296 0.031445 0.054908
