0 0.310547 0.975016 0.040531 0.043625
1 0.550461 0.516727 0.051453 0.051453
1 0.210281 0.648516 0.091687 0.070750
1 0.254734 0.841938 0.078219 0.069187
2 0.255711 0.922102 0.093516 0.062578
2 0.421734 0.925734 0.111906 0.062906
2 0.627805 0.894641 0.062922 0.117156
2 0.690563 0.897070 0.055625 0.108109
0 0.567469 0.717992 0.063312 0.063609
1 0.653883 0.734852 0.035797 0.041016
2 0.329742 0.715383 0.058797 0.069172
0 0.222266 0.534367 0.039219 0.047516
2 0.299133 0.531617 0.078484 0.080453
2 0.334555 0.433063 0.055922 0.081250
0 0.231352 0.452805 0.037391 0.038422
2 0.164508 0.381789 0.057984 0.063391
2 0.163219 0.312312 0.060094 0.065813
1 0.335914 0.292766 0.072672 0.050406
2 0.256359 0.384516 0.045438 0.066219
1 0.081695 0.395398 0.078109 0.063297
1 0.096547 0.487367 0.060000 0.049859
2 0.523484 0.583453 0.058937 0.087781
0 0.132961 0.127609 0.103672 0.091656
2 0.179000 0.046180 0.046437 0.073609
2 0.239328 0.071414 0.051375 0.065203
1 0.572352 0.039641 0.050828 0.041906
2 0.410086 0.035641 0.074297 0.064406
2 0.525484 0.848687 0.058313 0.062500
2 0.072766 0.893992 0.037937 0.045953
2 0.727180 0.645086 0.062203 0.052891
2 0.652961 0.687602 0.041172 0.036359
2 0.623508 0.543266 0.042422 0.039563
2 0.698719 0.573367 0.065969 0.051891
1 0.667969 0.633008 0.037281 0.035453
2 0.186969 0.467836 0.043625 0.049859
2 0.123984 0.052219 0.061438 0.054000
2 0.265875 0.617438 0.040188 0.062312
1 0.435844 0.979641 0.066687 0.039969
2 0.370234 0.511063 0.043031 0.043438
2 0.377844 0.625938 0.047969 0.044500
1 0.117023 0.639391 0.044953 0.034656
2 0.624711 0.499742 0.041297 0.038172
2 0.821281 0.188719 0.054938 0.055281
0 0.252883 0.270641 0.048828 0.052719
