0 0.866586 0.964055 0.156078 0.067984
1 0.582156 0.200937 0.118250 0.094531
1 0.653961 0.151867 0.112234 0.127516
1 0.728375 0.092734 0.115437 0.115438
1 0.748289 0.237750 0.108609 0.090094
1 0.973703 0.212406 0.052594 0.058719
1 0.159523 0.239594 0.098016 0.087781
1 0.070250 0.613328 0.131531 0.101375
1 0.179055 0.667234 0.149641 0.115031
1 0.430664 0.641695 0.092922 0.071203
1 0.479344 0.533680 0.154875 0.136766
1 0.636219 0.583766 0.157281 0.092125
1 0.818844 0.541930 0.094531 0.083266
0 0.736781 0.619359 0.072000 0.065969
1 0.901500 0.476570 0.125500 0.105391
1 0.935094 0.386062 0.096125 0.088500
1 0.947844 0.833727 0.078031 0.072016
1 0.726406 0.901102 0.099344 0.090109
1 0.456289 0.970867 0.092516 0.058266
0 0.281703 0.938969 0.183094 0.122063
1 0.106516 0.961805 0.139625 0.076391
1 0.530750 0.932219 0.143812 0.093562
0 0.527250 0.633555 0.074469 0.062828
