0 0.544278 0.459952 0.084122 0.121936
0 0.578069 0.663847 0.080895 0.136835
1 0.492652 0.680896 0.080761 0.097935
0 0.406501 0.312422 0.081580 0.116849
1 0.818551 0.701005 0.063872 0.118039
2 0.419270 0.687959 0.055183 0.081227
2 0.466622 0.813536 0.043513 0.071905
0 0.527918 0.883042 0.120353 0.169037
2 0.572573 0.960862 0.049320 0.078276
1 0.202184 0.795488 0.097484 0.127565
0 0.075068 0.231811 0.061474 0.091303
0 0.282987 0.705810 0.062576 0.083616
1 0.838115 0.809034 0.054431 0.104173
1 0.787187 0.157807 0.066026 0.095823
1 0.726879 0.181307 0.054640 0.084949
1 0.701406 0.322276 0.089541 0.158531
1 0.791754 0.323589 0.077000 0.108954
1 0.782949 0.493682 0.080090 0.132123
