2 0.426539 0.959148 0.054328 0.075391
1 0.377477 0.535695 0.045672 0.039547
1 0.290914 0.425625 0.061484 0.053063
1 0.310008 0.393742 0.063297 0.060984
1 0.315836 0.343703 0.047922 0.056781
2 0.353508 0.403523 0.039609 0.041422
0 0.303820 0.477008 0.042359 0.050266
2 0.597734 0.339477 0.066094 0.072141
2 0.943633 0.299359 0.066734 0.065062
2 0.973141 0.362797 0.053719 0.048406
1 0.949070 0.038031 0.082391 0.075938
1 0.919719 0.118805 0.064625 0.052234
1 0.953891 0.187742 0.083531 0.067328
1 0.751578 0.216094 0.041000 0.040969
2 0.602180 0.074141 0.066141 0.057719
2 0.725305 0.146742 0.046078 0.062359
2 0.234148 0.112070 0.068391 0.050078
2 0.290055 0.079414 0.051797 0.039641
0 0.093977 0.033797 0.090734 0.067594
2 0.317523 0.021453 0.083078 0.042906
1 0.365047 0.217781 0.039031 0.045844
2 0.671805 0.629180 0.035141 0.047109
1 0.683930 0.404906 0.033797 0.039094
2 0.566836 0.401086 0.040266 0.047859
2 0.567242 0.455195 0.043484 0.038609
