1 0.371047 0.164156 0.035500 0.038406
1 0.150844 0.892250 0.073531 0.083781
0 0.087055 0.526070 0.069172 0.064797
1 0.075125 0.438383 0.113469 0.095734
0 0.095031 0.318305 0.066406 0.072016
1 0.167664 0.331578 0.074016 0.061531
2 0.664852 0.974047 0.060047 0.050969
0 0.603398 0.974922 0.057016 0.050156
1 0.600016 0.787367 0.056781 0.072422
0 0.549984 0.747102 0.107563 0.102453
1 0.598062 0.668828 0.073906 0.078719
0 0.680859 0.657086 0.085281 0.065172
1 0.086953 0.751195 0.065000 0.048672
1 0.617547 0.428383 0.078437 0.069859
0 0.585727 0.502656 0.035578 0.038687
2 0.681273 0.571242 0.042672 0.053109
0 0.537492 0.347789 0.060734 0.062359
1 0.122680 0.693047 0.093547 0.087500
2 0.482359 0.400086 0.083312 0.096141
2 0.398094 0.337734 0.061188 0.051094
2 0.527234 0.247828 0.076437 0.050688
0 0.490609 0.308164 0.058781 0.079641
0 0.552961 0.180656 0.057953 0.055500
0 0.370141 0.027773 0.060781 0.055547
1 0.892109 0.206016 0.051094 0.055781
2 0.875133 0.547711 0.043266 0.063703
0 0.766055 0.366445 0.058984 0.062859
2 0.916813 0.356703 0.073781 0.114531
2 0.796531 0.168594 0.058063 0.061562
2 0.887414 0.115242 0.052297 0.049078
0 0.786047 0.092117 0.058719 0.064766
2 0.415875 0.156688 0.063719 0.053656
0 0.060914 0.050555 0.087609 0.082734
