0 0.268305 0.803766 0.066672 0.042375
0 0.553977 0.960156 0.062297 0.051094
2 0.095094 0.755164 0.061687 0.067297
2 0.072656 0.817477 0.049219 0.042359
1 0.463953 0.762336 0.070406 0.065422
2 0.446492 0.667602 0.049234 0.050516
2 0.598523 0.574172 0.075391 0.051719
0 0.523758 0.616219 0.085359 0.071031
0 0.580773 0.708750 0.078516 0.059187
0 0.512227 0.693484 0.076016 0.066031
0 0.382945 0.734609 0.092828 0.059813
0 0.398234 0.788813 0.083531 0.038625
0 0.252727 0.696594 0.057953 0.079750
0 0.285750 0.757969 0.076625 0.047969
0 0.164867 0.753609 0.075391 0.086594
0 0.153039 0.828375 0.067922 0.067906
0 0.954609 0.722773 0.082250 0.074766
1 0.358445 0.430328 0.089391 0.081844
2 0.594570 0.372172 0.066234 0.054937
1 0.697125 0.419836 0.067906 0.054391
1 0.800797 0.383750 0.070594 0.056531
1 0.965312 0.293016 0.051750 0.052781
1 0.815602 0.274977 0.087297 0.066234
0 0.771180 0.339320 0.047984 0.037703
1 0.641445 0.258281 0.052828 0.046844
0 0.759109 0.230008 0.060906 0.051703
2 0.468617 0.284664 0.081859 0.085609
0 0.359547 0.304586 0.077063 0.054391
2 0.288195 0.335820 0.058203 0.040391
1 0.137414 0.358711 0.085141 0.078609
2 0.054484 0.359250 0.063594 0.088313
1 0.470445 0.042289 0.082578 0.081734
1 0.602234 0.043961 0.072563 0.061734
1 0.068820 0.077742 0.085078 0.059234
1 0.152227 0.069398 0.093422 0.070891
1 0.336984 0.034492 0.089250 0.068984
1 0.821586 0.642391 0.077891 0.079750
