2 0.063422 0.243344 0.035687 0.039281
2 0.559836 0.193852 0.097797 0.096547
1 0.446266 0.476227 0.072813 0.061141
1 0.317578 0.540469 0.094125 0.080437
1 0.124898 0.582109 0.104578 0.081656
1 0.053094 0.534039 0.088094 0.102172
1 0.263477 0.498430 0.092922 0.070391
0 0.391594 0.580695 0.097344 0.094922
2 0.420852 0.817734 0.073703 0.079625
1 0.544789 0.880164 0.098391 0.076547
1 0.118547 0.939547 0.109406 0.106594
0 0.787164 0.160273 0.088172 0.091328
1 0.042141 0.891273 0.067062 0.080047
1 0.664445 0.773492 0.065453 0.051422
1 0.685914 0.817164 0.067359 0.044859
1 0.719109 0.740953 0.036594 0.038219
1 0.735313 0.567156 0.066562 0.077250
0 0.806063 0.560172 0.065625 0.056781
0 0.511680 0.510141 0.051203 0.070281
2 0.149313 0.241461 0.060125 0.063703
1 0.180437 0.300352 0.098250 0.054078
1 0.191461 0.918414 0.049703 0.046578
1 0.285141 0.155828 0.112406 0.112375
