0 0.085292 0.899490 0.078333 0.080679
0 0.020194 0.881082 0.040388 0.065865
0 0.030567 0.798797 0.061135 0.066433
0 0.115533 0.829364 0.088555 0.078173
2 0.098860 0.639653 0.071297 0.077633
2 0.196921 0.648312 0.062723 0.078106
2 0.182678 0.564567 0.077752 0.074623
0 0.212639 0.410374 0.118651 0.077242
0 0.101979 0.398947 0.084866 0.099553
0 0.033315 0.497258 0.066631 0.134818
0 0.562404 0.918543 0.107714 0.078202
2 0.613684 0.689891 0.059390 0.059101
0 0.715151 0.133920 0.073689 0.056546
0 0.227621 0.199438 0.078872 0.086795
