2 0.614016 0.580352 0.056375 0.078734
1 0.247148 0.760625 0.069016 0.086187
1 0.279055 0.659406 0.063734 0.066250
0 0.024484 0.617570 0.048781 0.061422
2 0.776227 0.825375 0.030797 0.043375
2 0.184859 0.276391 0.085313 0.064750
1 0.247836 0.316547 0.045672 0.042656
1 0.081750 0.255820 0.052750 0.061734
2 0.295016 0.231727 0.059719 0.063734
2 0.474672 0.305000 0.059719 0.073781
1 0.710664 0.304531 0.049578 0.039844
1 0.448188 0.185297 0.049875 0.049875
0 0.961477 0.230336 0.051734 0.051672
2 0.954445 0.279109 0.091109 0.045875
1 0.740617 0.980547 0.057484 0.038906
1 0.167227 0.570375 0.046016 0.070281
