1 0.424633 0.917039 0.050703 0.061359
2 0.397766 0.737289 0.100406 0.090266
2 0.370891 0.932258 0.051719 0.050203
2 0.321195 0.898031 0.047672 0.057813
1 0.546906 0.966000 0.095938 0.068000
1 0.721273 0.922953 0.081172 0.061875
2 0.802305 0.854805 0.101672 0.084578
2 0.850727 0.976594 0.080203 0.046813
1 0.892305 0.877094 0.083516 0.054344
2 0.735930 0.727367 0.082578 0.069703
2 0.731188 0.787398 0.063250 0.035234
2 0.911461 0.736273 0.111766 0.060984
1 0.925672 0.780211 0.072000 0.032953
0 0.795203 0.780766 0.039781 0.043938
1 0.737969 0.618109 0.080187 0.080187
2 0.817516 0.513367 0.053469 0.081078
2 0.829781 0.625117 0.039437 0.046891
1 0.683875 0.417023 0.082656 0.071891
2 0.781469 0.328039 0.065781 0.072734
2 0.816109 0.218914 0.050844 0.080641
2 0.737703 0.172812 0.053063 0.048656
0 0.714664 0.237016 0.040578 0.041531
2 0.647750 0.161477 0.059969 0.071859
2 0.646477 0.085656 0.067047 0.063938
1 0.737633 0.046688 0.054547 0.052250
1 0.559227 0.149313 0.074641 0.063844
1 0.574289 0.265039 0.059578 0.060234
1 0.672750 0.255516 0.058938 0.044750
1 0.361039 0.489047 0.081953 0.086781
0 0.358539 0.402539 0.050359 0.055734
2 0.343320 0.597195 0.080109 0.057703
1 0.035945 0.804758 0.071891 0.070984
1 0.052383 0.752609 0.081078 0.055219
2 0.283797 0.122375 0.053500 0.086781
2 0.711102 0.326898 0.071953 0.060422
2 0.750945 0.414594 0.045141 0.071000
2 0.728586 0.511000 0.045141 0.053469
2 0.543328 0.704570 0.045625 0.047766
1 0.090250 0.921148 0.084844 0.061359
2 0.876406 0.800680 0.033188 0.034453
2 0.957281 0.352273 0.044750 0.053797
