1 0.840789 0.280141 0.080328 0.054937
1 0.023852 0.892398 0.047703 0.067484
1 0.289609 0.329984 0.100937 0.089719
0 0.234617 0.359422 0.063578 0.055625
1 0.189672 0.368563 0.057094 0.060844
1 0.418781 0.479492 0.107750 0.078078
1 0.471016 0.688172 0.090531 0.098031
1 0.551281 0.726125 0.066781 0.055469
1 0.050008 0.798555 0.100016 0.085078
1 0.092484 0.913867 0.093875 0.068484
1 0.460156 0.890766 0.056781 0.043750
1 0.800867 0.647492 0.084297 0.072609
1 0.934234 0.817133 0.079125 0.064703
0 0.946102 0.766398 0.049797 0.050734
1 0.361414 0.410695 0.099109 0.061547
2 0.820078 0.332102 0.050562 0.068391
