1 0.446992 0.591805 0.125234 0.105297
1 0.594352 0.157789 0.112547 0.092078
1 0.490398 0.287844 0.078141 0.064625
0 0.226828 0.327695 0.144313 0.091547
1 0.077367 0.245836 0.083516 0.084016
1 0.311227 0.184063 0.094703 0.070406
1 0.443945 0.175031 0.105922 0.069781
1 0.665875 0.095086 0.090281 0.085641
1 0.581867 0.080891 0.090766 0.065625
1 0.717766 0.038297 0.078656 0.061437
1 0.816477 0.237711 0.089109 0.079766
1 0.782172 0.512984 0.109094 0.098437
0 0.736102 0.635406 0.076641 0.070406
1 0.635789 0.536656 0.099078 0.083500
1 0.256313 0.736656 0.102875 0.120875
1 0.117711 0.730742 0.066047 0.077891
0 0.212406 0.523555 0.072375 0.062266
0 0.266594 0.550359 0.059875 0.100937
1 0.343227 0.581203 0.092266 0.119000
1 0.473977 0.723891 0.097828 0.082875
1 0.582461 0.957469 0.128703 0.076469
0 0.357898 0.943469 0.147016 0.094781
1 0.610734 0.857039 0.124938 0.105016
1 0.801094 0.967156 0.089938 0.065687
1 0.752625 0.894469 0.072687 0.067844
1 0.908258 0.897430 0.082391 0.091016
0 0.835555 0.913586 0.075922 0.054391
1 0.952828 0.970984 0.069844 0.058031
0 0.084680 0.026141 0.095953 0.052281
1 0.610461 0.261711 0.059922 0.067578
1 0.674219 0.273172 0.056719 0.054219
1 0.553766 0.270703 0.055563 0.071938
0 0.869687 0.535164 0.061063 0.078516
1 0.402172 0.673414 0.099750 0.056703
