2 0.270177 0.383102 0.055576 0.076029
0 0.527813 0.201798 0.078878 0.150072
2 0.470357 0.051254 0.049076 0.088134
2 0.421837 0.054080 0.049020 0.062055
0 0.798417 0.330792 0.047512 0.082212
0 0.253573 0.292012 0.070864 0.084668
2 0.426577 0.012968 0.071116 0.025937
2 0.773123 0.129268 0.046770 0.082944
2 0.792287 0.022710 0.048657 0.045420
2 0.845383 0.092767 0.068145 0.077954
2 0.762834 0.462814 0.061717 0.093610
2 0.856215 0.896179 0.064916 0.079169
2 0.255381 0.893953 0.041815 0.085732
2 0.461490 0.267220 0.067908 0.116735
