0 0.381078 0.434227 0.100313 0.082859
2 0.796070 0.921586 0.098516 0.124609
2 0.673641 0.867695 0.092906 0.066672
2 0.818500 0.760836 0.062375 0.046109
1 0.696727 0.701953 0.087859 0.091594
0 0.040727 0.534969 0.081453 0.090344
0 0.651547 0.454289 0.160750 0.128359
2 0.725070 0.566437 0.042359 0.063563
0 0.376469 0.325875 0.082250 0.086594
2 0.666344 0.559336 0.051781 0.064797
2 0.627719 0.683016 0.059250 0.057938
0 0.290078 0.936891 0.068531 0.073344
0 0.029273 0.635062 0.058547 0.081469
0 0.700086 0.970680 0.052953 0.056078
2 0.413344 0.031297 0.093781 0.052625
0 0.689063 0.284695 0.050469 0.054828
2 0.334633 0.785531 0.075391 0.043625
2 0.309594 0.596508 0.043625 0.047922
