2 0.108955 0.988562 0.056793 0.022876
2 0.049671 0.799346 0.093071 0.051547
2 0.318699 0.723039 0.118522 0.063343
2 0.700586 0.554613 0.067262 0.048791
2 0.653699 0.196330 0.140690 0.066552
2 0.135244 0.863233 0.071572 0.045775
2 0.653239 0.621425 0.092400 0.054937
2 0.498058 0.580901 0.094055 0.077138
0 0.239474 0.857739 0.100348 0.067538
2 0.192121 0.977549 0.072749 0.044902
2 0.548260 0.779448 0.081549 0.065188
2 0.568510 0.636635 0.100677 0.072947
2 0.033757 0.861934 0.067514 0.060330
2 0.148580 0.750659 0.052979 0.040413
2 0.594885 0.524605 0.056831 0.051238
2 0.708422 0.494936 0.081513 0.060817
2 0.699012 0.445312 0.077170 0.056675
0 0.726786 0.810198 0.090432 0.076000
0 0.713004 0.313844 0.142346 0.084233
2 0.680522 0.262442 0.150218 0.082103
2 0.572950 0.304384 0.064074 0.052144
2 0.349817 0.338322 0.102682 0.059584
2 0.263757 0.327545 0.090343 0.056844
