1 0.777594 0.354352 0.080375 0.085359
1 0.636398 0.729523 0.074391 0.064609
1 0.396773 0.031016 0.068516 0.058062
1 0.425648 0.097594 0.098391 0.070219
1 0.868938 0.320586 0.107156 0.103922
1 0.873375 0.389828 0.078844 0.074812
1 0.937227 0.289945 0.078078 0.061547
1 0.975477 0.676969 0.049047 0.070000
1 0.960328 0.744273 0.057750 0.047984
1 0.913250 0.949773 0.049750 0.051453
1 0.514125 0.291445 0.051250 0.059578
0 0.354141 0.079078 0.061437 0.051656
0 0.019391 0.150484 0.038781 0.048281
1 0.413781 0.352398 0.102438 0.108141
1 0.517836 0.366398 0.106953 0.092078
1 0.869469 0.224617 0.059938 0.057922
1 0.018859 0.568742 0.037719 0.044141
2 0.503086 0.681117 0.052234 0.033078
