1 0.798172 0.116031 0.067531 0.060500
1 0.634258 0.682516 0.074859 0.086156
1 0.717734 0.601195 0.093156 0.093703
1 0.821117 0.591203 0.080234 0.065094
1 0.851008 0.657477 0.093703 0.082391
2 0.903883 0.552719 0.051797 0.036500
1 0.973289 0.460180 0.053422 0.059141
1 0.923836 0.454750 0.063203 0.068375
1 0.386313 0.974055 0.081906 0.051891
1 0.848344 0.944875 0.080844 0.058156
1 0.932883 0.898828 0.068984 0.069469
1 0.711852 0.893789 0.089828 0.080984
1 0.961070 0.834203 0.077859 0.065156
2 0.123250 0.969000 0.079750 0.060437
1 0.037789 0.637898 0.070734 0.092609
1 0.050359 0.756586 0.075406 0.055391
0 0.697992 0.676945 0.080516 0.075859
1 0.408516 0.240078 0.122781 0.092625
1 0.194734 0.190266 0.095844 0.097469
1 0.082727 0.205609 0.114172 0.098000
1 0.778219 0.246000 0.082375 0.056000
1 0.726961 0.209109 0.079641 0.074469
1 0.918734 0.152359 0.108438 0.074406
1 0.776055 0.166063 0.056828 0.058188
1 0.935422 0.054023 0.091594 0.055453
