2 0.079289 0.120359 0.054297 0.053906
2 0.576156 0.921680 0.069219 0.054234
2 0.626414 0.871797 0.057016 0.055969
2 0.732094 0.752195 0.043844 0.053891
1 0.690391 0.783312 0.057719 0.060500
2 0.623305 0.580000 0.051203 0.052187
2 0.544937 0.497438 0.056344 0.080250
1 0.486242 0.437320 0.056359 0.057141
0 0.315977 0.558969 0.069109 0.079031
2 0.229141 0.667289 0.059500 0.063703
2 0.249102 0.765234 0.075797 0.050062
1 0.204602 0.845898 0.059797 0.066047
2 0.319156 0.821555 0.097000 0.059797
0 0.207602 0.467703 0.067984 0.055906
0 0.190289 0.523219 0.068016 0.050281
2 0.238578 0.567461 0.037406 0.064766
2 0.291047 0.443742 0.070031 0.088453
1 0.173195 0.368344 0.087734 0.082469
2 0.250430 0.379406 0.058766 0.052281
2 0.160742 0.278039 0.039422 0.045859
1 0.119898 0.175063 0.043891 0.041844
2 0.155914 0.136648 0.056328 0.063141
2 0.831680 0.270555 0.074047 0.065359
0 0.845406 0.373641 0.084125 0.085875
2 0.887570 0.426359 0.046234 0.048000
1 0.501922 0.568883 0.052500 0.050766
1 0.735211 0.929359 0.046484 0.046219
2 0.476102 0.071750 0.053797 0.044781
0 0.439523 0.125508 0.065203 0.063547
2 0.234734 0.130734 0.053187 0.039375
0 0.419352 0.282109 0.086828 0.072031
2 0.595125 0.319508 0.031875 0.053797
2 0.519156 0.262281 0.054688 0.052875
1 0.594680 0.703703 0.044703 0.044156
2 0.179781 0.186758 0.055281 0.030578
2 0.336648 0.921859 0.060141 0.052500
2 0.288141 0.935586 0.075094 0.051453
2 0.397836 0.952977 0.043453 0.054234
