0 0.647642 0.463931 0.038256 0.040640
0 0.746593 0.222017 0.043996 0.052212
0 0.465836 0.178745 0.091829 0.073123
2 0.518397 0.101863 0.049289 0.068911
0 0.756357 0.421106 0.055950 0.066864
0 0.698677 0.429369 0.062684 0.053134
0 0.599913 0.459589 0.048494 0.044716
0 0.633321 0.518909 0.056682 0.071588
2 0.580791 0.598653 0.056737 0.060182
2 0.676742 0.610957 0.048731 0.056484
2 0.740956 0.618256 0.050003 0.059888
0 0.670713 0.827634 0.049778 0.070101
0 0.710751 0.767645 0.074903 0.066140
0 0.694908 0.915609 0.055635 0.062977
2 0.621163 0.934563 0.056707 0.055472
2 0.585587 0.865822 0.055808 0.081964
0 0.379571 0.904481 0.055487 0.073961
2 0.261350 0.849961 0.043766 0.058953
2 0.104345 0.356979 0.061843 0.048892
2 0.325071 0.072860 0.043694 0.049635
2 0.737318 0.058899 0.064976 0.061868
