2 0.895900 0.978950 0.071170 0.042101
2 0.471110 0.909976 0.057161 0.061896
0 0.564994 0.820806 0.055371 0.054457
2 0.629619 0.438811 0.061924 0.091735
2 0.769632 0.476029 0.053561 0.056079
2 0.833350 0.673457 0.053177 0.094607
2 0.853072 0.893713 0.042853 0.058735
0 0.807264 0.049488 0.046746 0.066411
2 0.555105 0.144371 0.049193 0.082456
2 0.506145 0.298056 0.035086 0.057571
2 0.483766 0.588966 0.049951 0.082369
0 0.612319 0.869461 0.052994 0.081532
2 0.617513 0.739703 0.072605 0.065466
0 0.926937 0.788437 0.071712 0.078441
0 0.878423 0.349047 0.081404 0.132066
2 0.537987 0.072384 0.029973 0.034952
0 0.756596 0.258500 0.065278 0.083870
