2 0.569549 0.591306 0.089422 0.101909
1 0.660400 0.195868 0.069436 0.068772
2 0.409242 0.670447 0.070575 0.064999
1 0.892845 0.681775 0.092172 0.096751
1 0.909732 0.574732 0.067177 0.061416
1 0.966693 0.479542 0.066614 0.088982
1 0.943198 0.641986 0.046364 0.046297
1 0.847875 0.654611 0.046511 0.052631
1 0.971724 0.429333 0.053661 0.048429
0 0.740432 0.208754 0.098830 0.093136
2 0.651627 0.254762 0.069515 0.050195
1 0.537918 0.267712 0.075643 0.062348
2 0.621561 0.315555 0.053989 0.054437
1 0.660672 0.361281 0.106572 0.092674
1 0.550516 0.448284 0.070154 0.062930
