1 0.432180 0.491172 0.077516 0.077875
0 0.482781 0.695164 0.089938 0.084547
0 0.572711 0.742563 0.102859 0.173937
1 0.242070 0.822258 0.088859 0.074859
1 0.248797 0.745516 0.094781 0.093688
0 0.598445 0.366594 0.056953 0.082188
1 0.385414 0.380297 0.054797 0.051906
1 0.424820 0.151406 0.090922 0.062344
1 0.322852 0.044406 0.079234 0.075219
0 0.405914 0.066734 0.053891 0.079656
1 0.463844 0.025930 0.088500 0.051859
1 0.322562 0.753461 0.053500 0.057922
2 0.750070 0.102344 0.068891 0.070750
1 0.757445 0.302695 0.065234 0.100953
1 0.526563 0.423562 0.050062 0.049719
