0 0.865930 0.857898 0.107703 0.102859
0 0.767914 0.843633 0.079703 0.082922
0 0.492211 0.956453 0.137859 0.085625
2 0.399578 0.898289 0.104469 0.061922
1 0.607445 0.944336 0.089391 0.093703
1 0.253383 0.910406 0.098547 0.088312
1 0.153750 0.840398 0.071625 0.068922
0 0.158336 0.672383 0.081859 0.093703
0 0.479555 0.658117 0.108234 0.095328
0 0.577289 0.646813 0.079703 0.083469
0 0.528281 0.584070 0.064625 0.061391
1 0.700875 0.659734 0.083469 0.074844
2 0.753648 0.593500 0.066234 0.063000
2 0.844063 0.448477 0.100687 0.063547
1 0.772500 0.224055 0.111250 0.101578
