1 0.108336 0.313523 0.054922 0.062234
1 0.078742 0.713523 0.087734 0.080047
2 0.124617 0.952664 0.063547 0.070797
2 0.559297 0.916008 0.041844 0.051484
2 0.597305 0.970719 0.052703 0.030562
2 0.569148 0.831133 0.054297 0.041828
0 0.452875 0.774820 0.053531 0.036203
2 0.320734 0.495633 0.054625 0.064672
1 0.068875 0.487133 0.061437 0.087078
2 0.174992 0.539281 0.051203 0.037688
2 0.138000 0.694492 0.044219 0.067953
2 0.152414 0.861875 0.038609 0.041031
1 0.074477 0.370461 0.071766 0.057391
0 0.064875 0.223656 0.041719 0.046594
1 0.091477 0.120227 0.073359 0.071953
2 0.353664 0.266461 0.041766 0.058891
2 0.431719 0.376203 0.030000 0.041031
2 0.503258 0.591836 0.042641 0.058734
0 0.409477 0.816625 0.046234 0.057719
2 0.410656 0.046422 0.066375 0.075219
2 0.379484 0.109977 0.040219 0.045453
2 0.382758 0.719906 0.071203 0.042812
0 0.055227 0.791234 0.067984 0.053094
0 0.036414 0.456289 0.069859 0.094016
0 0.029836 0.052305 0.059672 0.082391
2 0.360523 0.210555 0.028047 0.023891
0 0.153773 0.374695 0.059766 0.058109
