1 0.303180 0.099164 0.040359 0.048672
1 0.023594 0.481430 0.047188 0.057453
1 0.110852 0.653961 0.092453 0.076609
1 0.368945 0.906156 0.055516 0.055906
1 0.597766 0.885727 0.063187 0.055516
2 0.636711 0.726023 0.041016 0.040672
2 0.874703 0.865211 0.035375 0.051672
2 0.106953 0.839187 0.057250 0.056781
2 0.324336 0.222484 0.061953 0.076031
2 0.041281 0.192367 0.082563 0.063547
2 0.818586 0.195547 0.091547 0.055469
2 0.930562 0.417016 0.061438 0.103312
2 0.502633 0.484633 0.104672 0.066672
1 0.142180 0.557406 0.074359 0.074812
