0 0.534884 0.632396 0.107667 0.101945
0 0.218420 0.619956 0.160288 0.125369
2 0.514781 0.889900 0.077838 0.048641
0 0.770836 0.873286 0.059811 0.048939
2 0.853707 0.591018 0.050473 0.036001
2 0.863991 0.263906 0.071010 0.056937
0 0.925075 0.273233 0.063766 0.055848
0 0.770444 0.210339 0.068181 0.051004
0 0.233488 0.525946 0.094645 0.071529
0 0.190799 0.459912 0.082542 0.074190
2 0.507089 0.149559 0.073608 0.055552
0 0.801660 0.553016 0.086005 0.086021
0 0.425965 0.525665 0.069200 0.070355
2 0.952968 0.528966 0.047115 0.048551
0 0.550293 0.954745 0.057807 0.061469
