1 0.194320 0.044039 0.103859 0.086891
1 0.039289 0.349500 0.078578 0.080094
1 0.079609 0.416703 0.099781 0.076031
1 0.156484 0.433328 0.089219 0.068562
1 0.079664 0.502797 0.070109 0.064781
1 0.516695 0.392156 0.122266 0.092906
1 0.712797 0.309891 0.087219 0.094812
0 0.605555 0.396094 0.072516 0.128281
0 0.503383 0.317750 0.100391 0.063875
1 0.676297 0.392789 0.064906 0.073016
1 0.799000 0.353750 0.083156 0.078094
1 0.737391 0.432602 0.103937 0.081641
1 0.930070 0.359328 0.115109 0.103437
1 0.873789 0.260711 0.131328 0.113078
1 0.595711 0.083008 0.097984 0.083891
1 0.671102 0.047227 0.090359 0.079203
1 0.101867 0.903453 0.068359 0.074062
1 0.885078 0.647320 0.100469 0.098484
1 0.477242 0.055242 0.100953 0.086203
1 0.755367 0.055500 0.098422 0.085687
1 0.880633 0.034469 0.088234 0.068937
