0 0.297273 0.708375 0.098953 0.090906
1 0.339281 0.623898 0.115500 0.083672
2 0.637750 0.577836 0.057562 0.063953
0 0.673172 0.670352 0.072000 0.064766
2 0.688844 0.759859 0.064000 0.052281
2 0.777742 0.821000 0.074453 0.082875
2 0.718281 0.852984 0.036750 0.068531
2 0.771531 0.923078 0.054938 0.050406
1 0.353805 0.791070 0.059578 0.053516
1 0.118070 0.773617 0.106578 0.089359
2 0.615461 0.257828 0.054578 0.067437
2 0.669180 0.371508 0.072328 0.073703
1 0.713680 0.461211 0.111953 0.074391
1 0.736797 0.619727 0.055063 0.049328
1 0.793250 0.627281 0.041031 0.045437
