2 0.334367 0.397586 0.065703 0.040922
1 0.046367 0.917102 0.092203 0.092203
1 0.775648 0.097805 0.068453 0.056547
2 0.223937 0.869750 0.051094 0.069781
2 0.288742 0.784078 0.052328 0.060437
2 0.370672 0.759156 0.071656 0.071656
2 0.359109 0.889375 0.091031 0.050469
2 0.457789 0.890766 0.063297 0.069812
2 0.709680 0.845727 0.060359 0.063547
1 0.581242 0.726992 0.092141 0.060859
1 0.544117 0.870773 0.123328 0.081328
1 0.829250 0.703031 0.132469 0.104469
2 0.571852 0.327461 0.089359 0.072141
0 0.208531 0.470523 0.057562 0.055047
2 0.408148 0.337008 0.073234 0.056547
1 0.235594 0.567391 0.090281 0.082844
2 0.592633 0.402539 0.066234 0.047922
1 0.442844 0.534945 0.104250 0.084703
2 0.743734 0.464438 0.074938 0.035375
