0 0.203579 0.086580 0.060828 0.173159
0 0.417632 0.037301 0.075188 0.074601
0 0.945544 0.341319 0.061392 0.104794
2 0.802044 0.415201 0.070796 0.089783
2 0.804688 0.305708 0.064866 0.084858
2 0.697830 0.405288 0.052716 0.084510
0 0.831260 0.505138 0.052221 0.087349
2 0.552844 0.599128 0.085693 0.105491
2 0.613884 0.537170 0.050394 0.104478
0 0.546317 0.492767 0.091677 0.112341
2 0.356669 0.512064 0.045548 0.096710
0 0.462325 0.612711 0.069297 0.138415
2 0.441602 0.495770 0.061199 0.098111
2 0.518473 0.955111 0.074751 0.087044
2 0.226882 0.657812 0.056321 0.142075
2 0.271556 0.541573 0.069905 0.133842
