2 0.348738 0.962596 0.059562 0.049647
2 0.395734 0.987430 0.063490 0.025140
0 0.550645 0.957205 0.106049 0.085590
2 0.500894 0.850794 0.108975 0.107713
2 0.346704 0.902020 0.089444 0.070028
0 0.550065 0.758521 0.099178 0.090774
0 0.397883 0.846949 0.075798 0.059207
0 0.491221 0.622186 0.094666 0.074896
2 0.784668 0.454616 0.083480 0.071763
2 0.730090 0.578574 0.080076 0.061465
0 0.356598 0.507775 0.075573 0.069578
0 0.284271 0.471283 0.059081 0.061750
2 0.225880 0.504644 0.066615 0.050883
2 0.203713 0.656554 0.071240 0.064679
2 0.177584 0.556551 0.041981 0.039413
2 0.273567 0.389944 0.057944 0.053571
2 0.704507 0.493191 0.054459 0.040637
0 0.340827 0.433459 0.047990 0.042259
0 0.237834 0.429994 0.043821 0.045512
2 0.137795 0.480659 0.063427 0.042579
2 0.469541 0.694225 0.048539 0.036911
