2 0.201458 0.045134 0.113514 0.090268
2 0.149528 0.125609 0.097360 0.093541
2 0.045357 0.319699 0.078574 0.086099
2 0.253464 0.505451 0.088091 0.086517
2 0.389208 0.585104 0.104732 0.125000
0 0.682391 0.422568 0.121833 0.127992
2 0.764557 0.249973 0.103411 0.104530
2 0.703709 0.129267 0.121115 0.092572
2 0.588337 0.080888 0.153537 0.112894
0 0.862287 0.502811 0.112390 0.097397
0 0.867083 0.424116 0.110512 0.090065
2 0.785705 0.383692 0.073454 0.097986
2 0.755961 0.564053 0.126316 0.140624
2 0.833675 0.633464 0.098502 0.089355
2 0.978248 0.733604 0.043505 0.074025
2 0.073210 0.964152 0.123939 0.071696
0 0.045775 0.854605 0.091551 0.142318
2 0.940153 0.952485 0.086438 0.070502
0 0.635098 0.821139 0.143757 0.125215
2 0.381111 0.835421 0.062117 0.081679
2 0.504910 0.882859 0.093108 0.088666
2 0.976638 0.859612 0.046725 0.059769
