1 0.438406 0.143477 0.043000 0.056484
1 0.259773 0.702336 0.076828 0.059547
1 0.107492 0.728750 0.085359 0.084125
2 0.553430 0.797078 0.067953 0.069813
1 0.830586 0.720289 0.070266 0.083078
0 0.202484 0.756500 0.069469 0.079156
1 0.138766 0.487992 0.075906 0.068891
1 0.178117 0.381180 0.090297 0.094484
0 0.088961 0.388391 0.070328 0.095875
0 0.445281 0.352320 0.095062 0.102859
0 0.474414 0.465070 0.110578 0.094953
1 0.408820 0.533320 0.067016 0.059109
0 0.453258 0.659859 0.057922 0.065563
2 0.809500 0.311781 0.053906 0.034594
2 0.831016 0.418992 0.036594 0.043047
0 0.880898 0.511711 0.071203 0.076422
0 0.092219 0.052125 0.130219 0.104250
1 0.053273 0.240672 0.049547 0.058156
2 0.797680 0.251508 0.090297 0.051203
1 0.233711 0.495742 0.059141 0.064359
1 0.213109 0.831188 0.087031 0.061906
1 0.431336 0.595992 0.051141 0.039984
1 0.471945 0.518133 0.065703 0.053859
