1 0.183000 0.172781 0.081000 0.069781
1 0.790188 0.107055 0.101562 0.076641
1 0.675852 0.055969 0.119641 0.070406
1 0.834586 0.510945 0.088328 0.079703
1 0.841859 0.352352 0.087781 0.074859
1 0.626719 0.495328 0.096938 0.077531
1 0.730656 0.422094 0.067844 0.076469
1 0.758391 0.508523 0.075938 0.073766
1 0.646375 0.368508 0.097469 0.068391
1 0.594414 0.430438 0.103391 0.055469
1 0.568836 0.363125 0.091016 0.059781
1 0.526023 0.454398 0.087234 0.103391
1 0.458172 0.425320 0.082937 0.084016
1 0.330547 0.491289 0.087250 0.089922
1 0.260266 0.494789 0.081312 0.071078
1 0.074758 0.464094 0.073234 0.079687
1 0.055367 0.541906 0.107703 0.073781
1 0.210750 0.619453 0.107125 0.080250
1 0.153461 0.892164 0.102578 0.102172
1 0.266969 0.963859 0.089188 0.072281
2 0.359133 0.918469 0.073203 0.094937
1 0.419070 0.894328 0.086078 0.044250
1 0.528469 0.875422 0.077250 0.065156
1 0.901281 0.690031 0.068406 0.064687
1 0.652984 0.915758 0.068875 0.073078
1 0.677648 0.824305 0.077266 0.107047
1 0.757234 0.855484 0.097750 0.074469
1 0.870797 0.755883 0.125656 0.101453
1 0.739547 0.768680 0.086562 0.080516
1 0.349148 0.326727 0.095797 0.084547
1 0.977469 0.461977 0.045063 0.076797
1 0.084250 0.944328 0.105313 0.080375
1 0.126930 0.125438 0.095953 0.061062
1 0.278648 0.165625 0.086609 0.069156
