0 0.034036 0.821246 0.058275 0.042227
2 0.152809 0.812428 0.044913 0.040130
2 0.100475 0.904218 0.052199 0.033759
2 0.109983 0.838056 0.043215 0.027007
2 0.413629 0.775745 0.073446 0.051188
2 0.489171 0.733390 0.106453 0.065768
2 0.530967 0.650077 0.068583 0.060428
2 0.416402 0.731298 0.057085 0.043097
2 0.461927 0.547024 0.085125 0.048552
2 0.582109 0.426140 0.056429 0.061590
0 0.956116 0.394923 0.073667 0.059063
0 0.943521 0.584411 0.112958 0.111351
2 0.852272 0.638822 0.067015 0.036358
2 0.853606 0.598916 0.060360 0.039003
0 0.927885 0.448376 0.063156 0.044110
2 0.718922 0.610250 0.081974 0.073736
2 0.652648 0.731805 0.060196 0.046266
0 0.576868 0.729205 0.072871 0.057058
0 0.591125 0.563215 0.056787 0.044877
0 0.408905 0.415062 0.076081 0.046321
2 0.283983 0.363342 0.073124 0.070606
0 0.359251 0.358595 0.084954 0.039226
2 0.214902 0.441612 0.060781 0.035622
2 0.240616 0.413343 0.044580 0.025085
0 0.120703 0.374663 0.065567 0.051306
2 0.202430 0.613443 0.055973 0.038022
2 0.258564 0.609302 0.050616 0.039799
2 0.928539 0.321145 0.062282 0.034642
0 0.395761 0.692337 0.062305 0.042663
0 0.772175 0.218012 0.096862 0.080460
