1 0.048812 0.714461 0.097625 0.080797
1 0.911969 0.613937 0.067313 0.075281
1 0.144883 0.723055 0.060359 0.052859
1 0.683367 0.743484 0.085016 0.055094
1 0.155562 0.659703 0.092969 0.066344
1 0.340828 0.706586 0.060219 0.058203
1 0.297672 0.624273 0.057781 0.047609
1 0.469859 0.291188 0.069750 0.064250
1 0.377516 0.227961 0.115937 0.114422
1 0.521563 0.703750 0.052313 0.048187
2 0.275164 0.726219 0.058641 0.054000
1 0.064258 0.783727 0.087828 0.088828
1 0.371719 0.334109 0.068312 0.068750
1 0.525969 0.557133 0.093844 0.069266
2 0.958117 0.850969 0.073266 0.050688
1 0.828430 0.952719 0.110859 0.094063
1 0.440586 0.624758 0.089984 0.054359
1 0.427281 0.724297 0.074594 0.071219
1 0.440812 0.670617 0.054656 0.041641
0 0.127086 0.096641 0.049453 0.032969
0 0.111906 0.066273 0.056375 0.041641
1 0.222992 0.022812 0.076766 0.043813
1 0.642156 0.692953 0.108438 0.045969
1 0.818898 0.639281 0.069266 0.058219
