1 0.783453 0.862945 0.086563 0.079578
1 0.630656 0.472781 0.084344 0.100938
1 0.721758 0.401164 0.147578 0.124734
1 0.925383 0.356711 0.121047 0.075859
1 0.823484 0.361836 0.078187 0.072141
2 0.867516 0.479781 0.069781 0.051094
2 0.239312 0.444711 0.092281 0.094703
1 0.101305 0.567141 0.096641 0.076625
2 0.031195 0.528203 0.062391 0.083500
2 0.072102 0.868055 0.095172 0.070641
0 0.203078 0.903438 0.093094 0.081438
0 0.317805 0.894359 0.125203 0.161969
1 0.409258 0.819203 0.133109 0.108438
2 0.556102 0.855961 0.068422 0.085172
1 0.534461 0.963477 0.063297 0.060047
1 0.735047 0.769172 0.138687 0.118219
1 0.853500 0.817570 0.102844 0.093078
0 0.921250 0.756133 0.157500 0.188016
0 0.397961 0.141742 0.135703 0.149703
1 0.564797 0.101195 0.101781 0.105547
1 0.737117 0.040078 0.095328 0.080156
1 0.665492 0.179820 0.110391 0.075391
1 0.971008 0.026094 0.057984 0.052187
1 0.829781 0.095000 0.071687 0.053312
1 0.061453 0.158117 0.109313 0.065703
0 0.171898 0.228453 0.055891 0.053313
