1 0.348508 0.038984 0.091609 0.077969
1 0.090320 0.059461 0.079172 0.056547
1 0.441422 0.168242 0.069469 0.047922
1 0.098062 0.517453 0.065156 0.078656
1 0.130875 0.443445 0.068406 0.067484
1 0.234898 0.572375 0.123797 0.065625
1 0.269336 0.395281 0.078203 0.083781
2 0.335187 0.547703 0.074000 0.051656
0 0.309359 0.482313 0.099594 0.067031
1 0.414312 0.394344 0.114969 0.081906
1 0.511352 0.427859 0.093078 0.059562
1 0.407563 0.461602 0.105187 0.089828
1 0.539281 0.343617 0.087500 0.093078
1 0.584187 0.402492 0.091688 0.080516
1 0.775078 0.348227 0.102438 0.086578
2 0.846688 0.715437 0.075406 0.092625
1 0.645133 0.899055 0.092203 0.080984
1 0.494805 0.864375 0.100578 0.063750
1 0.425016 0.918594 0.087500 0.066094
1 0.240250 0.872758 0.138687 0.111234
1 0.097344 0.937445 0.098719 0.077734
1 0.172273 0.969070 0.066141 0.061859
1 0.029367 0.921852 0.058734 0.067953
1 0.332609 0.918828 0.048906 0.051656
2 0.441750 0.753141 0.081969 0.053531
2 0.419664 0.808992 0.059109 0.067484
0 0.667008 0.835523 0.095922 0.059109
0 0.566742 0.813883 0.058172 0.050266
1 0.167836 0.489680 0.068453 0.068391
1 0.369781 0.128656 0.100750 0.104469
1 0.234102 0.062430 0.114703 0.107703
1 0.113453 0.159086 0.102906 0.073766
1 0.036172 0.113039 0.070062 0.071078
1 0.035906 0.211859 0.070594 0.071625
