2 0.122484 0.397613 0.066286 0.039355
0 0.677005 0.310680 0.067851 0.032215
2 0.484694 0.322428 0.076550 0.048322
2 0.119172 0.517349 0.095093 0.046575
2 0.159355 0.596783 0.077906 0.034305
2 0.473395 0.137252 0.069213 0.040807
2 0.556772 0.138647 0.059171 0.036314
2 0.247906 0.122773 0.070698 0.030139
2 0.189982 0.131706 0.083105 0.032670
2 0.073523 0.185169 0.116422 0.051696
2 0.113870 0.456402 0.060465 0.026776
2 0.224726 0.394870 0.056015 0.030678
2 0.080918 0.344506 0.054661 0.029442
0 0.620391 0.325325 0.048642 0.022836
2 0.323289 0.356790 0.074120 0.037640
0 0.665308 0.496781 0.098075 0.043430
2 0.125065 0.262707 0.102493 0.037486
2 0.032984 0.112378 0.065968 0.034807
0 0.062104 0.146206 0.056875 0.028593
2 0.516203 0.368658 0.065281 0.034629
2 0.658145 0.425834 0.052362 0.025679
0 0.719262 0.450402 0.069908 0.027041
2 0.529370 0.420747 0.051041 0.030128
2 0.087691 0.670892 0.040846 0.021336
0 0.265168 0.677305 0.068584 0.026890
0 0.590883 0.485680 0.051686 0.024672
2 0.640857 0.205498 0.079452 0.045661
2 0.289944 0.654358 0.078357 0.029925
0 0.340881 0.617056 0.071399 0.035773
2 0.651263 0.623249 0.080043 0.037627
0 0.638762 0.580740 0.071931 0.035888
