1 0.775383 0.081008 0.104109 0.082859
0 0.802344 0.788977 0.040438 0.043984
0 0.856555 0.740203 0.046078 0.060031
0 0.879094 0.811633 0.088375 0.104234
0 0.873312 0.885875 0.033969 0.038625
0 0.951039 0.839797 0.063766 0.051656
1 0.734922 0.650359 0.048906 0.049875
0 0.778141 0.379070 0.116844 0.093141
0 0.804539 0.445844 0.078078 0.055469
0 0.739383 0.456883 0.070547 0.051703
0 0.679070 0.399258 0.056547 0.050609
1 0.461727 0.567539 0.098016 0.077016
1 0.069438 0.507172 0.126875 0.092281
1 0.068719 0.585461 0.100219 0.078578
0 0.686445 0.118727 0.058641 0.100078
0 0.614766 0.086352 0.065156 0.063234
0 0.603578 0.174812 0.088469 0.075406
1 0.951438 0.148305 0.079750 0.084109
1 0.496781 0.622305 0.065156 0.094484
