2 0.226164 0.187250 0.069109 0.054094
1 0.224461 0.626172 0.076859 0.067187
2 0.224859 0.540695 0.079281 0.043453
0 0.159109 0.507703 0.072406 0.081250
1 0.199523 0.471906 0.059984 0.049063
1 0.168594 0.426352 0.056375 0.046484
1 0.085617 0.366102 0.090391 0.089078
1 0.272625 0.330312 0.073344 0.054062
2 0.502242 0.559922 0.065203 0.051719
2 0.161109 0.187102 0.062188 0.051984
1 0.068086 0.044258 0.087734 0.079922
1 0.138844 0.087969 0.077813 0.056781
1 0.301234 0.269742 0.045656 0.050266
0 0.050641 0.136633 0.074031 0.088422
2 0.587336 0.065672 0.072047 0.048281
2 0.580492 0.284500 0.072047 0.043437
1 0.758992 0.824945 0.056328 0.044672
1 0.876234 0.035734 0.060313 0.064625
2 0.892664 0.115172 0.040234 0.052250
2 0.558367 0.157344 0.051453 0.046594
2 0.619016 0.187758 0.061562 0.043453
