1 0.083039 0.244273 0.100453 0.115078
2 0.172367 0.043656 0.095922 0.056781
1 0.354727 0.360016 0.119516 0.084063
1 0.397992 0.437859 0.136766 0.103781
1 0.676336 0.248602 0.084516 0.083266
1 0.515148 0.333711 0.099391 0.106203
2 0.694867 0.319367 0.087266 0.062578
1 0.261031 0.212773 0.078219 0.093172
1 0.039188 0.113000 0.078375 0.096812
2 0.831430 0.961586 0.062922 0.068547
2 0.091102 0.341797 0.071453 0.071375
2 0.163500 0.316344 0.048875 0.044219
1 0.239703 0.730648 0.157781 0.119547
1 0.428117 0.062039 0.078703 0.088891
1 0.196883 0.640461 0.107703 0.070547
1 0.329898 0.603563 0.128172 0.141094
1 0.358711 0.819234 0.066234 0.085625
0 0.133617 0.748156 0.061922 0.094250
1 0.516836 0.711180 0.088547 0.071203
1 0.605930 0.608609 0.096984 0.080844
1 0.931766 0.610539 0.073656 0.073203
1 0.756578 0.580773 0.094969 0.080453
2 0.865492 0.298187 0.057234 0.066094
2 0.832680 0.233266 0.074453 0.040500
2 0.809461 0.355953 0.050891 0.039469
