1 0.045578 0.966820 0.057937 0.051891
1 0.016758 0.914727 0.033516 0.042641
1 0.089430 0.708172 0.070797 0.076031
1 0.566609 0.485281 0.097344 0.093312
1 0.669391 0.504789 0.100969 0.090516
1 0.919492 0.490133 0.087609 0.074391
1 0.553000 0.146602 0.068187 0.065203
1 0.580055 0.223383 0.097078 0.095516
1 0.677953 0.259375 0.088094 0.079250
0 0.136063 0.277602 0.089750 0.086078
2 0.198328 0.338156 0.058531 0.055062
1 0.960195 0.087125 0.079609 0.068781
1 0.667164 0.410102 0.052484 0.057703
1 0.787977 0.888258 0.082453 0.064766
