0 0.503688 0.852039 0.042094 0.041578
1 0.265984 0.018812 0.077844 0.037625
2 0.310336 0.213328 0.069953 0.071469
0 0.251273 0.266086 0.077578 0.081641
1 0.250766 0.072641 0.087719 0.074031
2 0.342555 0.122906 0.039891 0.035781
1 0.407188 0.919492 0.056969 0.073359
2 0.530531 0.458898 0.048688 0.052797
2 0.747281 0.185211 0.049688 0.059328
2 0.788352 0.233633 0.049703 0.048672
1 0.835359 0.295937 0.051406 0.052375
2 0.763344 0.101164 0.061344 0.046891
0 0.647602 0.049016 0.036016 0.037250
0 0.600625 0.069125 0.055219 0.080188
1 0.335398 0.290039 0.049516 0.045578
0 0.020758 0.578016 0.041297 0.065906
1 0.446703 0.899930 0.043938 0.054547
1 0.470750 0.932312 0.050375 0.050375
1 0.578961 0.793977 0.045672 0.046141
2 0.701695 0.854820 0.054766 0.068453
1 0.812797 0.027602 0.053437 0.051141
