0 0.635570 0.970398 0.066328 0.059203
2 0.667648 0.915930 0.075703 0.043984
1 0.135117 0.315266 0.062266 0.047969
1 0.578102 0.780047 0.069641 0.056719
0 0.022945 0.958953 0.045891 0.042750
2 0.187445 0.472937 0.076453 0.071188
1 0.687539 0.683820 0.059984 0.057109
2 0.789305 0.942078 0.078047 0.045469
1 0.613570 0.243711 0.044672 0.040516
2 0.470164 0.206719 0.052172 0.033375
2 0.622086 0.171609 0.067484 0.053531
1 0.134898 0.082258 0.057703 0.056672
2 0.280094 0.202156 0.073250 0.091625
0 0.232484 0.366625 0.063000 0.069469
2 0.208789 0.198617 0.049016 0.056547
2 0.249984 0.041102 0.053844 0.075391
2 0.299891 0.822836 0.077250 0.063547
2 0.273414 0.965508 0.059203 0.066047
2 0.350359 0.972055 0.062312 0.051703
2 0.427117 0.969594 0.055109 0.044250
2 0.218477 0.107875 0.050078 0.056000
