2 0.390008 0.692805 0.047516 0.048266
1 0.724766 0.592422 0.081719 0.084844
1 0.629773 0.498961 0.072328 0.083484
1 0.702922 0.405953 0.084906 0.071594
1 0.935422 0.386445 0.080906 0.073609
1 0.649539 0.874469 0.080047 0.065156
1 0.420547 0.811172 0.065156 0.079125
1 0.292555 0.857023 0.071672 0.064703
1 0.074680 0.768609 0.082391 0.095594
0 0.027922 0.862648 0.053531 0.059797
1 0.402547 0.884203 0.069562 0.063969
1 0.255656 0.466539 0.094562 0.080047
1 0.356617 0.474805 0.079266 0.066016
1 0.273758 0.623750 0.093078 0.086094
1 0.246062 0.548125 0.051656 0.043750
1 0.265367 0.045414 0.064359 0.054703
0 0.343977 0.811641 0.065766 0.071625
0 0.289078 0.911539 0.046313 0.048453
0 0.334852 0.887289 0.050609 0.071047
1 0.359586 0.150734 0.080109 0.056656
