2 0.959969 0.519631 0.075894 0.043843
2 0.988864 0.553199 0.022272 0.042807
2 0.715003 0.528852 0.055524 0.036540
2 0.578256 0.473020 0.061012 0.031003
2 0.857913 0.501291 0.075105 0.036808
2 0.970116 0.474790 0.059599 0.031821
2 0.461189 0.615518 0.078438 0.036853
0 0.544412 0.553348 0.061400 0.040937
2 0.771982 0.625989 0.046389 0.025187
0 0.338487 0.368002 0.111285 0.061806
0 0.607010 0.285743 0.087773 0.048383
0 0.612218 0.239087 0.060501 0.040665
0 0.555254 0.251706 0.044098 0.028697
2 0.506906 0.311553 0.038502 0.030409
2 0.552862 0.376085 0.041830 0.029633
0 0.845509 0.290369 0.115500 0.066647
2 0.891481 0.252506 0.035862 0.025384
0 0.954152 0.222437 0.046016 0.030170
2 0.895107 0.338076 0.038946 0.033611
0 0.848842 0.340230 0.041541 0.028987
2 0.977675 0.441154 0.044651 0.026819
2 0.767489 0.665867 0.049179 0.041813
0 0.552352 0.648817 0.038025 0.029221
0 0.519890 0.635302 0.027632 0.021521
2 0.334218 0.444469 0.044729 0.023191
