1 0.876312 0.880820 0.077937 0.053359
0 0.366344 0.701328 0.196844 0.208531
0 0.127289 0.721758 0.254578 0.219359
0 0.556477 0.639602 0.063484 0.068391
0 0.524781 0.571203 0.136875 0.111781
0 0.809492 0.659734 0.096391 0.070000
1 0.789086 0.905328 0.113984 0.086500
0 0.497148 0.966969 0.067766 0.065594
0 0.786922 0.973930 0.088031 0.052141
2 0.037695 0.348148 0.075391 0.112234
1 0.354172 0.264094 0.132594 0.098063
1 0.321766 0.348789 0.083656 0.068484
1 0.539109 0.335086 0.100219 0.110297
1 0.632109 0.336180 0.105969 0.119672
1 0.724023 0.255797 0.086516 0.071375
0 0.785664 0.224437 0.077141 0.113906
2 0.850180 0.126391 0.072078 0.060562
1 0.530820 0.193438 0.090828 0.060563
1 0.424844 0.340141 0.072094 0.069937
