0 0.800195 0.760023 0.108453 0.102391
1 0.470633 0.850375 0.082734 0.089000
1 0.375375 0.950852 0.111250 0.091078
1 0.687273 0.920070 0.083609 0.072453
1 0.769211 0.912406 0.060516 0.054531
1 0.275992 0.803180 0.062266 0.061141
1 0.047773 0.887687 0.071609 0.054938
1 0.073555 0.657320 0.079641 0.091609
1 0.517805 0.549148 0.126641 0.101453
1 0.620141 0.546281 0.083469 0.073344
1 0.614406 0.475187 0.063656 0.061875
1 0.320633 0.495867 0.099109 0.087266
1 0.444945 0.466664 0.090391 0.078922
1 0.034672 0.330531 0.069344 0.082063
1 0.157445 0.242641 0.107797 0.098563
1 0.238297 0.280656 0.061938 0.056312
1 0.203922 0.150531 0.117906 0.088094
1 0.049844 0.151734 0.097750 0.095344
1 0.518523 0.252953 0.075859 0.057719
1 0.629547 0.244813 0.077781 0.056312
1 0.716734 0.065922 0.066750 0.062219
1 0.641820 0.051500 0.087266 0.072313
1 0.525867 0.485078 0.063141 0.050281
