1 0.315594 0.560227 0.074938 0.064422
1 0.210414 0.880133 0.132797 0.107359
1 0.594125 0.813047 0.085750 0.065406
2 0.373617 0.138367 0.086766 0.067484
1 0.557398 0.190664 0.094453 0.063359
2 0.757539 0.114227 0.079203 0.055672
1 0.891500 0.044422 0.109656 0.088844
1 0.736078 0.430039 0.125031 0.086828
1 0.925570 0.389258 0.101547 0.073328
1 0.832969 0.360031 0.086094 0.069406
1 0.513508 0.490797 0.117016 0.074062
1 0.574297 0.406039 0.066875 0.059266
1 0.605094 0.459469 0.096844 0.071875
1 0.247164 0.494508 0.081547 0.081547
1 0.350719 0.469281 0.098563 0.093281
1 0.381914 0.399281 0.081016 0.064375
1 0.724687 0.799055 0.112188 0.101234
1 0.584438 0.906211 0.085938 0.062234
1 0.521102 0.780656 0.078484 0.077563
1 0.530750 0.850773 0.083750 0.064422
1 0.431703 0.813523 0.071469 0.060922
