2 0.607294 0.114699 0.043123 0.075169
0 0.569551 0.313126 0.048668 0.054817
0 0.576143 0.376611 0.081101 0.105164
0 0.350329 0.380395 0.042121 0.069133
2 0.625429 0.023128 0.042795 0.046256
0 0.568693 0.159665 0.065419 0.071958
2 0.784087 0.025838 0.041489 0.051676
2 0.537283 0.643210 0.039148 0.046367
0 0.506147 0.830290 0.057980 0.101398
0 0.551272 0.823291 0.057936 0.067842
0 0.559067 0.738130 0.095009 0.118646
0 0.735494 0.956627 0.071803 0.086746
2 0.757023 0.879543 0.070625 0.083424
2 0.773226 0.770003 0.043248 0.068176
2 0.749187 0.696401 0.065724 0.082921
2 0.765127 0.604442 0.057049 0.077790
0 0.820621 0.495433 0.062670 0.084773
2 0.844486 0.368486 0.051921 0.101539
0 0.772755 0.433491 0.050502 0.074645
0 0.798445 0.361968 0.071359 0.095469
2 0.798760 0.175757 0.049420 0.062585
2 0.834729 0.292349 0.053498 0.061642
2 0.844715 0.223116 0.036149 0.048614
2 0.829364 0.049073 0.055200 0.098146
