1 0.421141 0.310273 0.050375 0.047266
1 0.821281 0.667094 0.086563 0.073719
1 0.828758 0.586430 0.080641 0.093172
2 0.462063 0.950805 0.052594 0.045141
2 0.407047 0.978398 0.057688 0.040516
0 0.263578 0.892234 0.091938 0.088344
2 0.339695 0.779438 0.091547 0.104469
2 0.478898 0.882023 0.080234 0.061922
1 0.035219 0.878281 0.070438 0.088500
0 0.313898 0.659773 0.085328 0.085672
0 0.442016 0.804383 0.068031 0.052297
0 0.405195 0.520430 0.084703 0.066547
2 0.157430 0.244953 0.073109 0.066094
2 0.180789 0.402438 0.072172 0.053844
1 0.116305 0.029555 0.049797 0.053516
0 0.565703 0.427781 0.064906 0.065812
0 0.645820 0.406602 0.048703 0.060984
2 0.695117 0.461438 0.060109 0.044469
2 0.679734 0.641695 0.061437 0.060859
1 0.727258 0.660422 0.048016 0.050750
2 0.729937 0.534633 0.035844 0.037547
2 0.980961 0.502648 0.036516 0.046578
1 0.804211 0.306086 0.055266 0.057703
2 0.676273 0.316516 0.049703 0.050750
2 0.226875 0.311961 0.049406 0.035109
0 0.599422 0.347180 0.041750 0.039297
0 0.701633 0.372555 0.036203 0.044859
1 0.751516 0.429242 0.049750 0.045578
2 0.787680 0.459070 0.058859 0.034734
2 0.408891 0.609094 0.043844 0.032188
