2 0.321242 0.051250 0.039641 0.076500
0 0.498961 0.486688 0.068547 0.077875
2 0.462484 0.406000 0.077937 0.074781
2 0.432922 0.484820 0.059812 0.084109
0 0.146898 0.556469 0.049922 0.051719
2 0.131352 0.768938 0.054828 0.059187
2 0.528523 0.826875 0.064234 0.070406
2 0.618180 0.888547 0.043797 0.047281
2 0.654156 0.945742 0.061531 0.058047
0 0.538703 0.057852 0.037906 0.040328
2 0.928000 0.287008 0.044656 0.045859
0 0.929484 0.360086 0.072406 0.067578
0 0.366312 0.156961 0.107031 0.110609
2 0.472820 0.102531 0.034078 0.044156
