0 0.230352 0.445164 0.099141 0.118422
1 0.683320 0.395758 0.058172 0.065703
1 0.024055 0.858531 0.048109 0.050687
2 0.403945 0.458367 0.067047 0.046859
1 0.043258 0.940188 0.074859 0.058719
1 0.736070 0.387406 0.050672 0.051156
1 0.426750 0.081570 0.113406 0.105297
1 0.657469 0.471422 0.099063 0.077250
0 0.615109 0.381391 0.070406 0.081625
0 0.799219 0.470484 0.053594 0.047969
1 0.944703 0.427156 0.053313 0.057625
2 0.930953 0.277422 0.102375 0.069531
2 0.575805 0.339375 0.065203 0.069469
0 0.292852 0.521930 0.077547 0.078078
2 0.908125 0.695102 0.068531 0.073516
0 0.871914 0.786836 0.075859 0.065609
2 0.432883 0.787305 0.114016 0.073078
2 0.652797 0.797539 0.060500 0.045141
