1 0.386680 0.530703 0.094297 0.080781
1 0.093227 0.547672 0.096391 0.086688
1 0.142477 0.619563 0.087297 0.066781
1 0.244273 0.621711 0.089391 0.085078
1 0.232156 0.436734 0.071625 0.069469
1 0.424789 0.465047 0.084703 0.073062
1 0.357414 0.865336 0.103391 0.105016
2 0.040242 0.947188 0.047391 0.056531
1 0.152375 0.932664 0.094938 0.095734
1 0.269266 0.967062 0.074313 0.062469
1 0.451047 0.898797 0.084469 0.096937
1 0.514805 0.822164 0.108203 0.095734
1 0.605711 0.905031 0.121891 0.129531
1 0.759148 0.906844 0.087734 0.069594
1 0.870188 0.846438 0.076469 0.108781
1 0.917570 0.753539 0.117391 0.089922
1 0.943688 0.828383 0.073875 0.057609
1 0.613312 0.786664 0.098000 0.071078
1 0.689375 0.507352 0.094469 0.097734
1 0.947453 0.488039 0.093094 0.099141
1 0.843898 0.439633 0.097266 0.093547
1 0.207648 0.239320 0.091266 0.063766
1 0.638133 0.092477 0.076328 0.086578
1 0.708664 0.074789 0.101047 0.088422
1 0.942734 0.054547 0.084219 0.071219
1 0.201406 0.848156 0.081312 0.060313
1 0.784555 0.810625 0.078078 0.078625
1 0.885852 0.546750 0.094234 0.065156
1 0.770852 0.541102 0.116359 0.070016
1 0.752617 0.407484 0.058328 0.058719
1 0.446344 0.141109 0.091719 0.085687
