2 0.271891 0.874523 0.053063 0.067953
2 0.333562 0.969000 0.051656 0.033500
1 0.671625 0.937719 0.058688 0.047938
1 0.953867 0.785313 0.056547 0.050094
1 0.452758 0.515148 0.048516 0.049547
2 0.830211 0.256398 0.066547 0.046078
2 0.795766 0.194500 0.057250 0.053531
1 0.814391 0.061852 0.095406 0.095422
2 0.579156 0.045070 0.039719 0.061266
2 0.525758 0.534539 0.036141 0.040016
2 0.220320 0.303586 0.056953 0.046141
1 0.168828 0.224406 0.049000 0.034469
1 0.230203 0.432633 0.049031 0.043984
1 0.165680 0.267516 0.055516 0.046906
1 0.141531 0.312602 0.059125 0.056234
