1 0.042578 0.063602 0.085156 0.076422
0 0.451094 0.323133 0.195188 0.199359
2 0.550492 0.393523 0.074016 0.045047
2 0.246969 0.400719 0.069469 0.062469
1 0.138727 0.387789 0.105016 0.087234
1 0.239430 0.317031 0.066734 0.062312
1 0.312750 0.317555 0.066125 0.062828
1 0.346086 0.043281 0.143359 0.086563
2 0.162984 0.064812 0.062562 0.038375
0 0.893242 0.026328 0.116516 0.052656
1 0.685133 0.376344 0.107797 0.079125
1 0.776727 0.251422 0.084109 0.082250
1 0.896977 0.255773 0.120266 0.095953
1 0.627398 0.337977 0.086078 0.093328
2 0.363164 0.719578 0.054922 0.052125
0 0.080078 0.748969 0.080094 0.063437
0 0.045281 0.802312 0.090563 0.093719
1 0.413711 0.801914 0.108453 0.098672
1 0.915391 0.736164 0.072344 0.086609
1 0.525375 0.657031 0.130844 0.087844
1 0.630414 0.191562 0.098609 0.093156
