1 0.619984 0.573398 0.089094 0.068922
1 0.714633 0.944422 0.108297 0.107813
1 0.550539 0.970680 0.100797 0.058641
1 0.818258 0.901438 0.100359 0.060031
1 0.421039 0.559437 0.081078 0.072750
1 0.633797 0.789055 0.085187 0.068453
1 0.848289 0.846000 0.088234 0.081125
1 0.049836 0.728070 0.099672 0.101234
1 0.277289 0.655000 0.097859 0.096344
1 0.331523 0.734719 0.095828 0.081812
1 0.440992 0.755234 0.172703 0.073625
1 0.515000 0.714016 0.103437 0.081125
1 0.369703 0.617445 0.085594 0.067797
1 0.374062 0.351828 0.099938 0.092281
1 0.479523 0.365008 0.089797 0.059828
1 0.578406 0.214414 0.059375 0.063891
1 0.643586 0.214156 0.076047 0.061344
1 0.618234 0.258781 0.057813 0.061344
1 0.840500 0.193273 0.095375 0.088734
1 0.913375 0.195711 0.108594 0.100328
1 0.587680 0.632258 0.079172 0.065516
1 0.597148 0.728086 0.085984 0.068547
1 0.754523 0.645859 0.084828 0.060156
1 0.728578 0.705555 0.094313 0.073484
1 0.895422 0.622789 0.098469 0.098859
1 0.791453 0.595711 0.087500 0.067422
1 0.955461 0.667672 0.076141 0.071219
1 0.957922 0.515219 0.071969 0.076125
