1 0.539164 0.115008 0.091266 0.084703
1 0.693328 0.066328 0.061937 0.053094
1 0.355250 0.598945 0.090281 0.094484
1 0.658891 0.591086 0.069344 0.049797
2 0.615891 0.865641 0.077281 0.050344
0 0.578000 0.946430 0.082375 0.067484
2 0.354836 0.957133 0.045609 0.048859
2 0.120961 0.939211 0.055391 0.051203
2 0.178414 0.955469 0.057766 0.052188
0 0.032508 0.675023 0.065016 0.079703
2 0.290375 0.507547 0.063000 0.062469
2 0.647453 0.451820 0.086156 0.067859
1 0.929898 0.560438 0.059766 0.055469
2 0.120719 0.619555 0.059937 0.051484
1 0.144953 0.253414 0.115406 0.091547
