1 0.595922 0.292148 0.065156 0.073766
0 0.825961 0.084578 0.054797 0.041813
1 0.624297 0.151914 0.089031 0.077891
2 0.918375 0.236656 0.081687 0.081625
1 0.923367 0.444750 0.075453 0.101562
0 0.726820 0.512359 0.085984 0.081000
1 0.598977 0.652578 0.072859 0.066375
1 0.260047 0.041172 0.111031 0.082344
1 0.414719 0.924266 0.100312 0.097188
0 0.744016 0.940781 0.114656 0.117750
0 0.651180 0.872547 0.105922 0.081000
1 0.807563 0.855109 0.058563 0.051094
1 0.688250 0.571609 0.052969 0.052344
1 0.367992 0.579711 0.072891 0.078516
2 0.565445 0.198828 0.051703 0.092844
1 0.486953 0.187234 0.076500 0.105969
