2 0.647733 0.962516 0.077967 0.074134
2 0.512225 0.966136 0.092996 0.067729
2 0.343126 0.934493 0.054364 0.131015
2 0.291930 0.939112 0.048175 0.121776
0 0.387925 0.731751 0.053324 0.074787
2 0.582023 0.724476 0.049778 0.081148
0 0.665213 0.512950 0.033238 0.055722
2 0.602361 0.511141 0.066143 0.094563
2 0.570930 0.397656 0.047736 0.095082
0 0.655722 0.418669 0.031514 0.045159
2 0.708516 0.335242 0.048967 0.074440
2 0.707806 0.254770 0.050752 0.077282
2 0.633565 0.340043 0.038792 0.077490
2 0.420436 0.575178 0.050364 0.102698
0 0.727834 0.047174 0.087000 0.094349
2 0.425532 0.882335 0.049213 0.073414
2 0.796441 0.926693 0.032151 0.053889
2 0.255630 0.650189 0.052146 0.062357
2 0.317328 0.698091 0.034550 0.042838
2 0.337722 0.530434 0.035652 0.046570
2 0.277056 0.566634 0.055197 0.061266
2 0.692354 0.435280 0.036896 0.058514
2 0.631702 0.609920 0.034405 0.072872
2 0.543768 0.488613 0.036248 0.051068
2 0.540466 0.621766 0.040308 0.052386
2 0.335635 0.480058 0.034698 0.044939
2 0.167195 0.123434 0.046273 0.064994
0 0.633516 0.208122 0.041218 0.061918
