1 0.758039 0.271734 0.096453 0.080875
1 0.830813 0.183938 0.090688 0.071625
1 0.774789 0.352023 0.065266 0.058922
1 0.862359 0.260656 0.083531 0.074219
1 0.792633 0.584117 0.134016 0.117828
0 0.502609 0.348195 0.062219 0.072172
1 0.389055 0.237312 0.088453 0.066437
0 0.372016 0.347336 0.053500 0.078516
0 0.485516 0.264523 0.063031 0.069078
0 0.417102 0.320805 0.108297 0.101391
1 0.447828 0.669906 0.097406 0.096844
1 0.365727 0.812211 0.090484 0.061859
0 0.124039 0.851266 0.096453 0.076812
1 0.043969 0.745852 0.087938 0.087797
1 0.321008 0.696750 0.087234 0.060062
1 0.901867 0.922820 0.078922 0.078203
1 0.738125 0.966930 0.077594 0.058141
1 0.776898 0.762422 0.080266 0.076844
1 0.969617 0.477313 0.060641 0.069313
1 0.246320 0.421570 0.074516 0.080297
1 0.273180 0.351969 0.120141 0.080875
1 0.043883 0.349664 0.087766 0.086641
1 0.120109 0.409727 0.112062 0.092422
1 0.148734 0.336320 0.071687 0.055453
1 0.047484 0.045914 0.094969 0.091828
1 0.477211 0.063758 0.086953 0.069516
0 0.564766 0.241859 0.060219 0.060812
0 0.681391 0.147969 0.079594 0.070844
1 0.740531 0.203766 0.058875 0.055469
1 0.609242 0.455398 0.071516 0.073516
1 0.535961 0.793898 0.068234 0.078203
1 0.895859 0.983164 0.070469 0.033672
