2 0.785297 0.920461 0.075406 0.053516
1 0.041578 0.857203 0.083156 0.108250
1 0.051383 0.973969 0.073234 0.052063
2 0.392531 0.877133 0.079156 0.056547
0 0.349719 0.790695 0.060312 0.050609
2 0.338406 0.642609 0.090469 0.090469
1 0.051359 0.624570 0.087281 0.071609
1 0.084500 0.541375 0.075937 0.076469
1 0.686758 0.762391 0.090078 0.079125
2 0.842781 0.925352 0.060031 0.050266
0 0.671500 0.885320 0.074938 0.050266
1 0.766453 0.815039 0.056313 0.061422
2 0.714086 0.679141 0.090297 0.056781
1 0.661727 0.573250 0.081453 0.078656
1 0.711758 0.522992 0.058641 0.051672
2 0.753187 0.510656 0.039094 0.059563
2 0.938602 0.433227 0.054828 0.075391
2 0.941398 0.515164 0.055453 0.042359
1 0.848695 0.723266 0.064797 0.069781
1 0.249828 0.136156 0.051781 0.051719
2 0.457336 0.110602 0.045484 0.044234
2 0.588969 0.406797 0.113438 0.055063
0 0.584461 0.056141 0.076734 0.110937
0 0.513562 0.042375 0.066719 0.076750
2 0.958281 0.215719 0.039875 0.049219
2 0.714352 0.453477 0.044234 0.054203
2 0.818969 0.983789 0.048719 0.028953
