2 0.947875 0.666633 0.067906 0.043266
1 0.602953 0.081461 0.065719 0.062922
0 0.508734 0.044297 0.118562 0.088594
0 0.930422 0.127937 0.114031 0.091219
2 0.946406 0.046500 0.107188 0.074250
2 0.963141 0.316063 0.067125 0.068500
2 0.965312 0.384383 0.069375 0.065359
1 0.885945 0.389070 0.070578 0.074734
1 0.903672 0.486414 0.050406 0.049703
2 0.981125 0.474070 0.037750 0.045891
1 0.698930 0.725437 0.076922 0.100969
2 0.681656 0.795445 0.089844 0.052891
0 0.691641 0.614531 0.049719 0.055969
2 0.969109 0.547094 0.033563 0.040937
2 0.723906 0.930094 0.108125 0.094562
2 0.872172 0.897070 0.044500 0.051453
2 0.363328 0.765023 0.062969 0.054234
1 0.315883 0.800820 0.070922 0.079922
1 0.252602 0.717227 0.059141 0.064328
0 0.403203 0.706539 0.059219 0.047453
1 0.032945 0.763141 0.065891 0.119594
1 0.279977 0.415180 0.087609 0.073016
1 0.233719 0.284625 0.079656 0.079812
1 0.190406 0.034367 0.083313 0.068734
2 0.619453 0.360023 0.050312 0.086078
1 0.579055 0.300328 0.041547 0.042594
2 0.615281 0.778477 0.055313 0.051672
0 0.981453 0.617352 0.037094 0.037859
