2 0.334173 0.013257 0.035507 0.026514
0 0.445351 0.908491 0.036657 0.065115
0 0.412010 0.812946 0.062115 0.098427
0 0.363698 0.798533 0.052835 0.108023
0 0.399408 0.939528 0.058709 0.120778
2 0.492459 0.777270 0.029815 0.063625
0 0.631077 0.640365 0.096082 0.150924
2 0.468877 0.610642 0.031607 0.060762
0 0.263859 0.820490 0.039380 0.069871
0 0.237206 0.781095 0.051128 0.134085
2 0.364405 0.228403 0.046585 0.098328
2 0.287155 0.920005 0.039975 0.061132
2 0.459639 0.380442 0.046732 0.052640
2 0.574437 0.069878 0.061098 0.084283
2 0.517216 0.017657 0.049261 0.035315
