2 0.959761 0.705017 0.080477 0.122491
2 0.638394 0.626234 0.095029 0.100359
2 0.482617 0.435931 0.099929 0.088260
2 0.852720 0.618970 0.122346 0.105380
2 0.235122 0.729640 0.126995 0.106235
0 0.387596 0.614741 0.105347 0.112257
2 0.658996 0.882792 0.076772 0.070992
0 0.213753 0.085993 0.184852 0.171985
0 0.634740 0.033215 0.145618 0.066429
2 0.480711 0.029995 0.068387 0.059989
2 0.505611 0.192869 0.072627 0.080676
0 0.932760 0.107739 0.134480 0.186231
2 0.983402 0.242647 0.033195 0.089605
0 0.936768 0.228756 0.071908 0.079055
2 0.628859 0.960407 0.088810 0.079185
0 0.341325 0.847096 0.067142 0.078833
0 0.304501 0.801295 0.048931 0.057977
2 0.161980 0.266894 0.073487 0.065817
