1 0.471789 0.726719 0.073234 0.084000
1 0.603992 0.775727 0.094234 0.062453
1 0.120906 0.413102 0.121156 0.096391
2 0.562750 0.464258 0.040937 0.070547
1 0.630602 0.398828 0.157234 0.141094
1 0.815305 0.331516 0.077547 0.066781
1 0.335281 0.771797 0.106625 0.117406
1 0.472031 0.812453 0.084063 0.073781
1 0.073141 0.863344 0.127094 0.122250
1 0.590344 0.335961 0.065969 0.082453
1 0.913367 0.054883 0.086172 0.050609
0 0.093555 0.085687 0.065703 0.085094
0 0.047047 0.060922 0.094094 0.118469
0 0.032156 0.468023 0.064312 0.088672
2 0.044102 0.365297 0.073609 0.072094
1 0.218508 0.450852 0.071203 0.057703
