1 0.934719 0.080563 0.060094 0.054469
0 0.954766 0.022250 0.060969 0.044500
2 0.981641 0.477672 0.036719 0.076469
2 0.757078 0.961633 0.059188 0.071359
1 0.690070 0.930648 0.055109 0.058328
2 0.374383 0.827234 0.044672 0.064687
1 0.429305 0.719492 0.076328 0.071672
0 0.043141 0.925437 0.086281 0.113094
1 0.128641 0.744383 0.083781 0.080516
0 0.340508 0.382133 0.087766 0.100703
2 0.397594 0.414984 0.057625 0.070531
1 0.262539 0.122266 0.109828 0.095875
1 0.328398 0.051289 0.095422 0.101922
0 0.973828 0.351922 0.052344 0.066781
2 0.708055 0.146687 0.051109 0.045969
1 0.584766 0.245898 0.076375 0.072453
2 0.631039 0.323328 0.082609 0.088844
0 0.704914 0.283211 0.103953 0.104984
2 0.635734 0.148664 0.056656 0.065359
2 0.570547 0.151617 0.071625 0.053203
0 0.607094 0.026203 0.083312 0.052406
