2 0.895435 0.624077 0.062205 0.088485
2 0.831531 0.371227 0.066947 0.057908
2 0.273641 0.307767 0.046743 0.057551
2 0.385439 0.312716 0.047883 0.041833
0 0.759802 0.663204 0.085509 0.093188
0 0.551110 0.600990 0.059995 0.046288
2 0.823270 0.650961 0.060620 0.091594
0 0.211309 0.678734 0.055600 0.071751
2 0.258157 0.514229 0.059145 0.068313
0 0.208048 0.516420 0.056365 0.069900
2 0.355039 0.251742 0.054437 0.074745
2 0.291264 0.240975 0.058706 0.052924
0 0.309008 0.915191 0.091147 0.075668
2 0.787131 0.582396 0.047670 0.051647
2 0.273699 0.577270 0.062469 0.057809
2 0.490215 0.668408 0.040274 0.037919
2 0.500805 0.537647 0.070726 0.059415
2 0.429673 0.608136 0.072996 0.117599
2 0.607765 0.660673 0.064699 0.061162
2 0.549872 0.670518 0.051181 0.052133
0 0.658691 0.567511 0.080306 0.083553
