1 0.745617 0.928711 0.086578 0.086016
1 0.665570 0.958602 0.063547 0.077266
1 0.630680 0.892242 0.067297 0.061672
1 0.824141 0.971680 0.045469 0.046109
1 0.836297 0.622148 0.081000 0.094703
0 0.898906 0.546133 0.070406 0.067297
0 0.585508 0.592234 0.055453 0.081000
0 0.617281 0.496906 0.076625 0.048594
0 0.673359 0.555164 0.138938 0.109047
2 0.927570 0.424008 0.077891 0.079766
1 0.721820 0.241453 0.072609 0.060500
0 0.837500 0.087055 0.069844 0.058578
0 0.854359 0.168055 0.081000 0.098453
0 0.139328 0.265687 0.096562 0.080375
0 0.037109 0.322383 0.074219 0.072891
1 0.144055 0.416195 0.079297 0.088672
