0 0.661352 0.726419 0.127891 0.132082
2 0.812765 0.678251 0.062314 0.066788
2 0.275480 0.784736 0.069655 0.092955
0 0.107371 0.911240 0.077667 0.079605
0 0.289406 0.388615 0.070959 0.096005
0 0.227941 0.759269 0.056481 0.072008
0 0.182353 0.704427 0.084574 0.128095
2 0.181714 0.802990 0.044686 0.048518
0 0.445947 0.375379 0.088043 0.101918
0 0.909459 0.323942 0.057076 0.076148
0 0.804315 0.364534 0.059684 0.057274
0 0.670421 0.061136 0.085462 0.089645
2 0.243777 0.021240 0.063348 0.042481
2 0.295336 0.032004 0.060287 0.064007
2 0.459629 0.051815 0.051493 0.061089
