1 0.847148 0.300008 0.078047 0.076828
1 0.032086 0.890852 0.064172 0.094016
1 0.090609 0.481266 0.090969 0.069781
1 0.204945 0.584313 0.076828 0.068375
2 0.405680 0.564805 0.092922 0.082453
2 0.384719 0.455086 0.087969 0.055391
2 0.255563 0.474836 0.061437 0.054984
1 0.511773 0.486867 0.121953 0.106578
1 0.547844 0.564602 0.075875 0.066547
1 0.607625 0.501070 0.066125 0.062359
2 0.317828 0.831977 0.100531 0.085172
1 0.274320 0.782883 0.114953 0.071672
2 0.119562 0.838031 0.070750 0.070281
1 0.846117 0.788594 0.122859 0.111469
1 0.858250 0.457633 0.112063 0.093172
1 0.927477 0.359625 0.122234 0.091000
1 0.765687 0.325945 0.122687 0.094922
1 0.594930 0.326945 0.102984 0.077641
1 0.329859 0.062180 0.115000 0.092609
2 0.247953 0.165977 0.070219 0.060484
2 0.111328 0.087930 0.070219 0.052484
1 0.413016 0.039305 0.057156 0.054703
1 0.612883 0.027414 0.073234 0.054828
1 0.619008 0.140187 0.081297 0.057937
1 0.696680 0.113844 0.137609 0.072000
2 0.890211 0.038516 0.077547 0.077000
1 0.964766 0.040406 0.070469 0.060312
1 0.825352 0.119562 0.085672 0.052781
1 0.509461 0.025438 0.097266 0.050469
1 0.432508 0.099555 0.076797 0.068422
