0 0.811497 0.935542 0.094693 0.083952
0 0.427106 0.810147 0.106788 0.083794
0 0.581665 0.956968 0.148188 0.086064
0 0.434538 0.977445 0.144659 0.045110
2 0.888634 0.865649 0.072864 0.058508
2 0.842512 0.471807 0.073333 0.087658
2 0.109504 0.292136 0.115918 0.075080
2 0.490286 0.374241 0.072232 0.108534
2 0.746104 0.140048 0.104421 0.108936
2 0.802196 0.203735 0.077215 0.083932
2 0.610221 0.095200 0.120351 0.084975
0 0.659414 0.214011 0.081122 0.080839
2 0.206545 0.362397 0.082893 0.074433
0 0.818576 0.563444 0.071681 0.064889
0 0.930381 0.628625 0.073227 0.060487
0 0.200991 0.182285 0.078876 0.072993
2 0.397228 0.709633 0.063177 0.055612
2 0.394953 0.629500 0.049879 0.057330
