1 0.277984 0.043359 0.050219 0.053781
0 0.394250 0.916219 0.103406 0.064625
2 0.042609 0.810945 0.050625 0.053297
2 0.071148 0.676055 0.054922 0.045234
2 0.351711 0.722633 0.064609 0.054391
2 0.419562 0.769750 0.052781 0.062469
2 0.562531 0.823867 0.041469 0.054391
2 0.524836 0.758711 0.050078 0.054391
0 0.434102 0.968344 0.059234 0.063312
0 0.477953 0.660844 0.079094 0.107625
0 0.337438 0.586766 0.093156 0.069469
0 0.400148 0.596734 0.087297 0.092625
0 0.617625 0.368742 0.090906 0.052297
2 0.560297 0.303375 0.046250 0.053500
2 0.320742 0.268984 0.058766 0.053906
2 0.764906 0.266789 0.050625 0.038234
0 0.750484 0.857906 0.056312 0.061438
0 0.213852 0.022508 0.057078 0.045016
0 0.071680 0.981664 0.070453 0.036672
