1 0.788562 0.239812 0.120250 0.074125
1 0.894484 0.273781 0.081625 0.071031
1 0.575789 0.281258 0.114641 0.114641
1 0.661461 0.358211 0.075391 0.081609
1 0.618773 0.175656 0.087234 0.081625
2 0.428977 0.744437 0.066547 0.062375
0 0.840453 0.602789 0.072594 0.091172
0 0.829516 0.696078 0.121469 0.093562
0 0.925625 0.599734 0.114500 0.118687
1 0.694477 0.246680 0.065422 0.066672
1 0.754828 0.311969 0.123312 0.080781
1 0.864469 0.155961 0.072156 0.061391
0 0.263070 0.058391 0.097828 0.109656
0 0.349336 0.026008 0.074828 0.051109
0 0.029195 0.050297 0.058391 0.089719
2 0.121883 0.329859 0.086609 0.090969
1 0.507563 0.353227 0.097812 0.097828
0 0.200664 0.726984 0.049391 0.074937
0 0.197406 0.803312 0.094063 0.120531
1 0.603320 0.655148 0.139172 0.095359
0 0.157844 0.740945 0.051250 0.062828
1 0.278641 0.697195 0.134500 0.116828
0 0.075672 0.796570 0.076781 0.080953
2 0.848453 0.923711 0.093719 0.066328
0 0.141320 0.787484 0.052641 0.044219
0 0.763891 0.595313 0.103781 0.117281
1 0.651023 0.740289 0.089359 0.085172
1 0.718977 0.689797 0.096797 0.082844
