1 0.070195 0.576109 0.063547 0.077219
0 0.377937 0.948781 0.159219 0.102437
0 0.680695 0.927852 0.092672 0.141484
0 0.765164 0.917148 0.056828 0.080047
2 0.313219 0.589047 0.068875 0.075344
2 0.600641 0.876656 0.067531 0.066094
1 0.397070 0.311547 0.093609 0.099125
0 0.203055 0.546898 0.086578 0.090828
1 0.759961 0.129320 0.083297 0.086484
0 0.268570 0.907617 0.066141 0.054453
0 0.155156 0.719875 0.078125 0.072406
1 0.740453 0.224656 0.104625 0.091312
1 0.369031 0.176555 0.081250 0.069984
0 0.288383 0.244930 0.067172 0.083672
0 0.448500 0.213352 0.079156 0.081453
0 0.911430 0.135617 0.081453 0.075859
2 0.871664 0.441211 0.069203 0.055516
0 0.715594 0.496406 0.121812 0.105312
2 0.517125 0.957180 0.075406 0.080984
0 0.340242 0.862187 0.073578 0.071687
1 0.483812 0.442289 0.074969 0.069203
1 0.032688 0.635234 0.065375 0.069187
1 0.164359 0.294789 0.053562 0.049797
