0 0.159054 0.984905 0.031259 0.030191
2 0.377886 0.983533 0.039534 0.032934
2 0.423621 0.945697 0.057872 0.103136
2 0.452856 0.796831 0.036060 0.101996
2 0.382381 0.924267 0.030503 0.070720
2 0.420365 0.583757 0.046551 0.074520
2 0.496639 0.382027 0.028865 0.107291
0 0.711356 0.412129 0.039130 0.098050
0 0.699137 0.773587 0.073795 0.184842
2 0.636296 0.852371 0.036774 0.054996
2 0.639675 0.776589 0.032698 0.061850
0 0.691794 0.507301 0.033989 0.071212
2 0.562347 0.765925 0.042999 0.124883
2 0.516682 0.971879 0.032110 0.056242
0 0.473762 0.955791 0.038799 0.088418
0 0.492766 0.645597 0.030208 0.074299
0 0.398878 0.319391 0.041407 0.072367
2 0.331241 0.190819 0.038029 0.120909
0 0.374351 0.199805 0.047083 0.056202
2 0.286822 0.323528 0.033174 0.055089
2 0.303299 0.275780 0.024402 0.038353
0 0.237653 0.173277 0.034913 0.084782
2 0.268449 0.648230 0.030196 0.061004
2 0.300639 0.653787 0.026939 0.065829
2 0.700518 0.264821 0.034119 0.052788
0 0.373202 0.845019 0.033589 0.068574
0 0.618378 0.048943 0.051260 0.097886
