0 0.450422 0.624961 0.093844 0.086203
1 0.169367 0.690703 0.138453 0.099844
0 0.819797 0.674063 0.092750 0.081844
1 0.067125 0.355211 0.110219 0.109672
0 0.744508 0.576680 0.079672 0.068203
2 0.945672 0.941961 0.103125 0.068203
0 0.175539 0.963398 0.095484 0.073203
2 0.243703 0.581711 0.066500 0.055172
2 0.138305 0.610484 0.068859 0.054219
0 0.137227 0.790813 0.088078 0.067656
1 0.410680 0.919648 0.132641 0.116766
1 0.582000 0.901367 0.095531 0.080203
2 0.917188 0.622781 0.075844 0.053469
1 0.287391 0.978922 0.120594 0.042156
1 0.513250 0.971828 0.120625 0.056344
0 0.313445 0.766477 0.091016 0.078266
0 0.535187 0.239172 0.068813 0.078281
0 0.943992 0.253281 0.112016 0.095375
0 0.753516 0.631508 0.114031 0.058922
