2 0.094789 0.549719 0.058172 0.040937
2 0.246641 0.598453 0.074313 0.069469
2 0.140828 0.608953 0.057625 0.064625
2 0.074055 0.624836 0.044703 0.057609
0 0.153484 0.555641 0.052781 0.040937
0 0.200609 0.504477 0.079156 0.103391
1 0.113641 0.486711 0.044156 0.054922
0 0.153484 0.410789 0.043094 0.047391
0 0.062617 0.425641 0.097703 0.063969
1 0.558141 0.620820 0.056313 0.056672
0 0.474742 0.683508 0.058734 0.063953
0 0.160164 0.811508 0.051547 0.063953
0 0.114523 0.762430 0.092922 0.062359
0 0.207047 0.732461 0.053500 0.049078
1 0.138953 0.660703 0.045188 0.048562
1 0.121164 0.712320 0.037203 0.037203
2 0.215484 0.903141 0.047000 0.064688
2 0.251555 0.838445 0.057703 0.080516
1 0.134969 0.882203 0.057250 0.057250
2 0.621242 0.970945 0.062578 0.051453
2 0.745117 0.340195 0.076016 0.045922
0 0.357742 0.184055 0.101859 0.087266
2 0.293602 0.132773 0.054234 0.060484
2 0.503414 0.093844 0.051109 0.047281
1 0.218336 0.125688 0.051703 0.054375
0 0.108484 0.130766 0.043906 0.042656
0 0.053500 0.250906 0.046250 0.046750
2 0.053992 0.100500 0.074297 0.058813
