1 0.411836 0.748273 0.061797 0.064422
0 0.288906 0.704883 0.090281 0.101234
0 0.359656 0.620961 0.105656 0.105172
0 0.366258 0.692609 0.078453 0.054781
2 0.282984 0.528930 0.069687 0.048203
1 0.312656 0.200602 0.056094 0.045578
1 0.296398 0.319422 0.080109 0.048687
1 0.082773 0.442000 0.070984 0.046344
1 0.040945 0.602461 0.081891 0.104422
1 0.037734 0.953570 0.075469 0.073984
2 0.765531 0.718586 0.132844 0.063891
2 0.862891 0.754328 0.047656 0.060344
0 0.762992 0.802750 0.082141 0.078094
2 0.695742 0.545875 0.087734 0.067687
2 0.752859 0.605914 0.072344 0.054984
2 0.813750 0.622609 0.049437 0.062844
2 0.692406 0.450617 0.089813 0.063109
0 0.774141 0.327789 0.068750 0.079547
2 0.757586 0.223477 0.077172 0.094234
0 0.648023 0.290750 0.072797 0.055219
1 0.621063 0.102516 0.103906 0.091594
0 0.669242 0.219562 0.086703 0.081687
0 0.239945 0.233586 0.092672 0.105234
2 0.243773 0.021219 0.057297 0.040062
1 0.149391 0.458633 0.051313 0.050391
1 0.946914 0.192578 0.053984 0.060469
1 0.965117 0.334531 0.050703 0.054250
