2 0.972570 0.680945 0.054859 0.095859
1 0.878875 0.691719 0.077594 0.063531
2 0.055383 0.491094 0.085797 0.080750
0 0.325359 0.395937 0.087938 0.125438
1 0.708227 0.366695 0.116703 0.083672
1 0.828203 0.313602 0.120281 0.118672
1 0.900375 0.258539 0.118250 0.103328
2 0.407680 0.750313 0.050672 0.051687
1 0.713977 0.087828 0.104297 0.082375
1 0.264172 0.105508 0.147531 0.101922
0 0.622844 0.018539 0.053313 0.035547
0 0.719781 0.023242 0.083469 0.046484
1 0.406906 0.033617 0.114688 0.066766
1 0.838516 0.433992 0.072156 0.052234
1 0.348641 0.832547 0.141500 0.109031
1 0.230883 0.778039 0.125297 0.095953
1 0.032750 0.864328 0.065500 0.077875
1 0.066117 0.795172 0.102172 0.089094
1 0.599594 0.821273 0.092312 0.125234
1 0.648141 0.692734 0.147063 0.130781
0 0.691680 0.774180 0.077766 0.067484
1 0.789117 0.740094 0.142016 0.085062
0 0.893180 0.822578 0.116859 0.067844
0 0.910648 0.758500 0.089453 0.072156
