1 0.877688 0.043750 0.091687 0.083312
2 0.934930 0.273664 0.097266 0.054453
2 0.844641 0.413758 0.073062 0.072141
0 0.616117 0.412594 0.076797 0.077250
0 0.552828 0.484266 0.108437 0.097750
0 0.658477 0.470539 0.084234 0.066547
1 0.779250 0.497531 0.097750 0.081438
0 0.945883 0.693008 0.093359 0.092922
0 0.864656 0.675539 0.068500 0.072328
0 0.577609 0.784992 0.130312 0.126547
1 0.696352 0.777719 0.091016 0.079687
0 0.395859 0.836141 0.099625 0.081312
1 0.345781 0.739492 0.089938 0.089391
2 0.491719 0.718484 0.073781 0.048469
0 0.244328 0.489078 0.088844 0.091000
1 0.449563 0.376977 0.064656 0.074047
2 0.710734 0.089758 0.045094 0.041078
