0 0.679657 0.543780 0.047902 0.060710
2 0.579567 0.707752 0.035333 0.032552
2 0.509006 0.675699 0.031427 0.033671
2 0.568339 0.539982 0.037617 0.039763
2 0.602356 0.511845 0.040624 0.034841
2 0.649257 0.446657 0.034831 0.028068
2 0.608976 0.457194 0.035867 0.032419
0 0.713050 0.530450 0.041864 0.038212
0 0.549643 0.468101 0.068564 0.054041
0 0.492087 0.529440 0.049326 0.056162
0 0.505106 0.499047 0.061323 0.056227
0 0.406220 0.359333 0.039634 0.052781
2 0.363459 0.379766 0.034918 0.030368
2 0.315749 0.496349 0.036647 0.036747
2 0.368025 0.271569 0.027070 0.030584
0 0.690561 0.356109 0.040484 0.036491
0 0.167668 0.518164 0.031567 0.034732
0 0.676720 0.715369 0.028600 0.040401
