0 0.625570 0.109859 0.067297 0.069781
0 0.799961 0.882523 0.087484 0.093547
0 0.642188 0.761289 0.118219 0.054922
0 0.370016 0.962320 0.075062 0.065891
0 0.976828 0.661203 0.044219 0.062563
0 0.897352 0.346562 0.115266 0.117750
2 0.803891 0.279273 0.040500 0.045484
0 0.560031 0.122820 0.069344 0.075391
1 0.713352 0.413891 0.076422 0.093000
0 0.273133 0.245305 0.062984 0.065422
1 0.504008 0.048664 0.103422 0.097328
0 0.826133 0.059016 0.064797 0.061687
1 0.547937 0.403133 0.065156 0.057078
0 0.260984 0.460023 0.075687 0.065609
