1 0.442289 0.641969 0.073234 0.065156
1 0.718281 0.339586 0.108406 0.105297
0 0.494062 0.439383 0.086906 0.062234
0 0.081219 0.454688 0.161000 0.154375
0 0.185547 0.349219 0.076094 0.111562
0 0.075703 0.815547 0.126094 0.127031
0 0.198070 0.740242 0.140547 0.103391
1 0.364742 0.707930 0.091547 0.073234
0 0.464391 0.766687 0.092156 0.074469
0 0.821070 0.674008 0.073766 0.109859
1 0.552867 0.650305 0.081359 0.057078
0 0.797914 0.285203 0.072172 0.076469
1 0.319039 0.064641 0.098203 0.091219
1 0.231547 0.080234 0.090750 0.081437
0 0.472328 0.028203 0.069969 0.056406
1 0.406258 0.029813 0.063984 0.053500
1 0.051734 0.028352 0.103469 0.055516
1 0.132156 0.104984 0.093719 0.082187
0 0.250484 0.399703 0.066656 0.080375
0 0.284750 0.328680 0.114031 0.064172
