0 0.974716 0.353582 0.050569 0.107416
2 0.845135 0.392291 0.166528 0.111417
2 0.959094 0.546509 0.081813 0.089643
0 0.676577 0.336524 0.138307 0.100687
0 0.863806 0.492019 0.087135 0.075953
0 0.459691 0.381859 0.110561 0.094954
2 0.103656 0.082279 0.107937 0.084295
2 0.327286 0.146046 0.090074 0.080134
0 0.298532 0.502705 0.106136 0.076763
0 0.254315 0.569795 0.096407 0.060734
2 0.325191 0.629408 0.074476 0.066639
2 0.588311 0.664117 0.098389 0.072273
2 0.425058 0.680824 0.060351 0.042717
2 0.336195 0.900317 0.073517 0.045767
2 0.118950 0.573138 0.081786 0.058878
2 0.188700 0.163491 0.059131 0.054384
0 0.176320 0.511578 0.063883 0.048557
0 0.195630 0.611322 0.070980 0.045018
2 0.306046 0.712891 0.060195 0.062873
2 0.587201 0.409166 0.053965 0.048540
