1 0.875789 0.922211 0.082859 0.108422
2 0.864266 0.696977 0.088469 0.067922
0 0.454914 0.939031 0.052328 0.079750
2 0.383258 0.912547 0.068547 0.050469
2 0.086367 0.767695 0.052953 0.103422
2 0.152414 0.742141 0.057953 0.090969
2 0.360203 0.714422 0.103437 0.067906
0 0.564883 0.832180 0.067922 0.061672
2 0.646820 0.834672 0.067297 0.060437
2 0.465180 0.595758 0.092859 0.093391
1 0.698531 0.452414 0.087219 0.087234
2 0.433102 0.463320 0.073516 0.062922
1 0.352109 0.549617 0.078500 0.103422
2 0.283258 0.329680 0.056703 0.063547
2 0.180078 0.658711 0.097187 0.076016
2 0.034867 0.615727 0.069734 0.082234
2 0.443695 0.232477 0.066672 0.055453
2 0.114406 0.214406 0.068531 0.074156
2 0.137148 0.310047 0.101547 0.057313
0 0.028852 0.102258 0.057703 0.076641
2 0.336523 0.266125 0.085359 0.069156
