2 0.822352 0.518820 0.090922 0.065891
2 0.911062 0.120172 0.052125 0.042344
1 0.052273 0.277711 0.104547 0.075703
0 0.792445 0.968828 0.045859 0.056313
2 0.654234 0.445891 0.067312 0.053313
0 0.406531 0.943461 0.114625 0.098047
0 0.051086 0.944187 0.065672 0.074969
2 0.314586 0.874977 0.053422 0.047578
0 0.778883 0.899133 0.051891 0.056953
1 0.708555 0.904180 0.065672 0.067047
0 0.682250 0.846867 0.059187 0.046141
2 0.762656 0.803242 0.041094 0.046859
0 0.808398 0.749398 0.085141 0.082172
2 0.755906 0.638461 0.055469 0.052234
0 0.125000 0.957766 0.066250 0.058219
1 0.284398 0.555695 0.058703 0.057078
0 0.372711 0.533344 0.072703 0.063000
0 0.438953 0.529852 0.051156 0.077547
2 0.815984 0.637039 0.040500 0.064172
2 0.679125 0.303937 0.067312 0.069469
2 0.643313 0.234742 0.074313 0.061391
2 0.971258 0.307445 0.052766 0.051703
