1 0.032977 0.260047 0.064016 0.072719
1 0.597703 0.476437 0.096219 0.103844
1 0.565820 0.538062 0.061734 0.039781
1 0.607914 0.652562 0.104516 0.083656
1 0.392188 0.673102 0.129312 0.115609
1 0.269703 0.653062 0.061906 0.065406
1 0.439578 0.776492 0.091594 0.072734
1 0.770047 0.906242 0.058812 0.056297
2 0.917828 0.478539 0.045688 0.075047
1 0.549070 0.207961 0.108297 0.085016
1 0.644187 0.146562 0.074063 0.055313
0 0.570977 0.132852 0.062266 0.060078
1 0.298562 0.365031 0.111469 0.080375
1 0.278898 0.285242 0.083891 0.086234
1 0.361539 0.304281 0.057953 0.056969
0 0.571703 0.334430 0.065969 0.058828
0 0.972898 0.120805 0.054203 0.063891
0 0.907211 0.161531 0.066422 0.053750
2 0.960195 0.216789 0.076047 0.052734
2 0.981875 0.063914 0.036250 0.041078
2 0.834445 0.124008 0.036516 0.045641
1 0.240844 0.041273 0.082563 0.071203
1 0.289078 0.133414 0.060906 0.046891
