2 0.544449 0.181922 0.041039 0.068723
2 0.492423 0.130472 0.050302 0.071521
2 0.647093 0.168131 0.065619 0.069137
0 0.607425 0.286181 0.037115 0.043506
0 0.610629 0.820086 0.037312 0.046499
0 0.661431 0.988056 0.061800 0.023889
0 0.750825 0.891432 0.086782 0.108246
2 0.205823 0.955276 0.069515 0.089448
0 0.303915 0.974245 0.045050 0.051509
2 0.369961 0.945747 0.049506 0.088304
2 0.811307 0.279411 0.055530 0.081408
2 0.738126 0.555496 0.041758 0.073888
0 0.701564 0.612911 0.074723 0.084418
2 0.484429 0.535901 0.064870 0.136677
0 0.434589 0.669899 0.069793 0.092555
2 0.304093 0.607258 0.053578 0.097682
2 0.276846 0.577916 0.042927 0.068278
