1 0.537094 0.950477 0.097531 0.075922
1 0.192180 0.877234 0.109922 0.109312
0 0.302867 0.965680 0.126547 0.068641
1 0.613555 0.799969 0.101828 0.088312
1 0.484586 0.822047 0.080828 0.058156
1 0.949836 0.905531 0.100328 0.092219
1 0.943297 0.709273 0.113406 0.115891
0 0.624711 0.436797 0.115828 0.143250
1 0.417414 0.506805 0.072703 0.075391
1 0.198211 0.491719 0.112609 0.064625
0 0.033828 0.528609 0.067656 0.078094
1 0.922664 0.427695 0.096984 0.078078
0 0.909023 0.340242 0.065891 0.088422
1 0.617406 0.118969 0.146469 0.136781
1 0.328500 0.105781 0.145937 0.099625
1 0.159141 0.187094 0.108781 0.081312
1 0.193602 0.113859 0.119547 0.095313
0 0.430016 0.079125 0.072156 0.078625
1 0.486555 0.026883 0.064609 0.051703
1 0.282141 0.545625 0.094781 0.070000
1 0.406258 0.571477 0.072703 0.056016
