1 0.331016 0.298070 0.051406 0.036359
1 0.279656 0.344711 0.096937 0.070016
1 0.123609 0.697227 0.084469 0.067578
1 0.140289 0.743891 0.084922 0.059531
1 0.278828 0.678352 0.090469 0.089828
1 0.365977 0.753469 0.068797 0.053781
1 0.175773 0.644695 0.085641 0.094047
1 0.557563 0.654977 0.095250 0.057984
2 0.860438 0.653023 0.070438 0.109016
1 0.707664 0.693844 0.086109 0.050719
1 0.869594 0.899797 0.094125 0.075625
1 0.254867 0.761508 0.077641 0.068391
1 0.358281 0.519133 0.069469 0.073766
1 0.667094 0.125344 0.056719 0.050687
1 0.923016 0.254000 0.072406 0.044188
1 0.839961 0.339703 0.059172 0.040219
