2 0.900219 0.186070 0.057406 0.062234
2 0.799547 0.257008 0.092469 0.065047
0 0.115734 0.140609 0.045781 0.051156
2 0.033078 0.090531 0.065687 0.049000
2 0.332875 0.182969 0.038625 0.040000
1 0.474719 0.095750 0.069219 0.076844
2 0.512086 0.159031 0.056359 0.062250
2 0.713711 0.337648 0.059797 0.053891
1 0.476859 0.545758 0.094219 0.115422
2 0.540414 0.398422 0.104297 0.112281
2 0.128070 0.424086 0.084547 0.082922
2 0.205883 0.501898 0.057078 0.065172
0 0.099500 0.550102 0.100750 0.086141
1 0.860773 0.676969 0.051984 0.058594
1 0.154430 0.597484 0.066297 0.081844
0 0.044000 0.159727 0.088000 0.101234
1 0.820688 0.319609 0.064656 0.050062
1 0.843445 0.361844 0.068516 0.046937
0 0.700773 0.975852 0.075391 0.048297
1 0.649609 0.807125 0.061375 0.069469
