1 0.187141 0.020242 0.079125 0.040484
1 0.361258 0.215625 0.145141 0.105938
1 0.475164 0.375531 0.084734 0.111531
0 0.578945 0.226109 0.080484 0.093312
1 0.641320 0.227719 0.061141 0.055500
1 0.703664 0.134797 0.094922 0.085281
1 0.273250 0.371633 0.079125 0.068422
1 0.193891 0.260398 0.103781 0.087953
1 0.029289 0.335406 0.058578 0.078500
1 0.289672 0.726234 0.104719 0.079594
1 0.263148 0.651070 0.080516 0.058641
1 0.463953 0.681328 0.071719 0.077250
1 0.425523 0.642453 0.065734 0.048844
1 0.666664 0.628734 0.093547 0.064219
1 0.680164 0.562180 0.093547 0.075391
1 0.664406 0.952070 0.058094 0.074734
0 0.766977 0.938164 0.101859 0.109516
1 0.873711 0.910703 0.068484 0.063625
1 0.379969 0.771422 0.052844 0.052500
1 0.094531 0.053523 0.048406 0.055859
