0 0.394695 0.024914 0.066672 0.049828
2 0.069234 0.213531 0.048688 0.034187
0 0.124367 0.261031 0.043422 0.043375
1 0.825039 0.823781 0.099172 0.109969
0 0.109273 0.175352 0.042953 0.042953
1 0.526062 0.853313 0.093000 0.121500
1 0.524602 0.940273 0.080172 0.058828
1 0.424938 0.934695 0.078594 0.084172
1 0.170422 0.904945 0.110875 0.133766
1 0.059250 0.919625 0.100906 0.098563
1 0.677969 0.040305 0.097875 0.078891
1 0.069766 0.648828 0.064469 0.056969
1 0.037352 0.593617 0.066172 0.060484
1 0.775266 0.711672 0.071875 0.054344
1 0.464883 0.484656 0.077453 0.066875
1 0.841656 0.754406 0.106500 0.057406
1 0.888203 0.915031 0.088937 0.046937
