0 0.766576 0.255709 0.179353 0.116798
2 0.962736 0.334509 0.074528 0.058792
2 0.233576 0.103618 0.096619 0.079887
0 0.149718 0.407068 0.098360 0.082396
0 0.159369 0.109573 0.078516 0.062171
0 0.080246 0.138287 0.116540 0.108789
2 0.105127 0.063573 0.062547 0.042643
0 0.368673 0.460887 0.122915 0.088916
0 0.987101 0.629504 0.025799 0.065444
0 0.875015 0.569381 0.083922 0.051127
0 0.605391 0.761344 0.119782 0.079120
2 0.014617 0.683083 0.029233 0.062555
2 0.063576 0.682046 0.083969 0.063869
2 0.303452 0.709400 0.071813 0.053150
2 0.638067 0.847586 0.127081 0.074140
