2 0.816117 0.331633 0.047922 0.050141
2 0.527391 0.326969 0.048094 0.058000
2 0.850242 0.436367 0.052266 0.055141
0 0.841391 0.534469 0.058375 0.043938
0 0.863570 0.641461 0.055672 0.067797
2 0.888133 0.783805 0.061578 0.055141
1 0.644719 0.949055 0.070063 0.060234
0 0.570461 0.936547 0.066328 0.069344
0 0.540367 0.675828 0.080641 0.080625
2 0.465422 0.661586 0.054344 0.062672
1 0.351289 0.702656 0.060891 0.069469
1 0.298328 0.713055 0.075563 0.092297
1 0.215680 0.771367 0.077578 0.073016
1 0.226750 0.682289 0.084875 0.086859
1 0.148539 0.315727 0.098609 0.070109
2 0.175250 0.423547 0.049563 0.084156
1 0.556766 0.168297 0.081875 0.076594
1 0.720945 0.122992 0.081172 0.064172
2 0.799523 0.050781 0.102828 0.097812
2 0.852203 0.185680 0.082531 0.064484
1 0.892063 0.076578 0.074937 0.055656
1 0.425039 0.116305 0.049234 0.054172
2 0.369375 0.129750 0.048438 0.047719
2 0.318984 0.098695 0.045469 0.055297
1 0.048070 0.039062 0.094734 0.078125
1 0.091758 0.123117 0.091641 0.061766
2 0.933938 0.418680 0.043281 0.046703
2 0.974242 0.381641 0.051516 0.036188
2 0.981570 0.865172 0.036859 0.036000
0 0.933297 0.959414 0.133406 0.081172
2 0.835438 0.920672 0.032875 0.042063
