2 0.647320 0.602867 0.052828 0.063547
1 0.256242 0.662828 0.086047 0.080375
0 0.214953 0.349750 0.135969 0.150969
1 0.536922 0.331813 0.115938 0.096750
1 0.598930 0.258500 0.082391 0.097469
0 0.675406 0.362961 0.069469 0.082391
0 0.575242 0.414117 0.116859 0.061922
2 0.909336 0.313750 0.063547 0.076469
0 0.963547 0.445406 0.072906 0.078094
2 0.854914 0.319133 0.060359 0.052766
0 0.873500 0.208437 0.070500 0.090000
1 0.540492 0.232219 0.070047 0.074313
1 0.151750 0.104750 0.091750 0.097344
1 0.368648 0.807750 0.074828 0.059187
2 0.915687 0.512813 0.066719 0.065906
