1 0.469621 0.923569 0.110363 0.087332
1 0.640163 0.418151 0.225607 0.166360
1 0.536382 0.367170 0.072483 0.068927
1 0.977232 0.419664 0.045537 0.091182
1 0.931006 0.339511 0.137988 0.103978
1 0.780648 0.312221 0.098407 0.110117
1 0.670304 0.218816 0.096076 0.120336
1 0.964256 0.069591 0.071488 0.094430
0 0.311388 0.736496 0.157226 0.152609
1 0.759939 0.820223 0.120294 0.105385
1 0.928684 0.933862 0.111254 0.102094
1 0.028318 0.377955 0.056635 0.082012
1 0.500790 0.075504 0.088785 0.059378
1 0.885163 0.418205 0.116736 0.080399
