1 0.245742 0.515633 0.055859 0.066547
1 0.380492 0.794055 0.067984 0.098953
1 0.321570 0.816578 0.067578 0.062750
1 0.429766 0.697711 0.078031 0.082453
1 0.529930 0.718828 0.098953 0.113438
1 0.491516 0.898031 0.098563 0.103375
0 0.216773 0.944484 0.108203 0.072406
0 0.225625 0.873898 0.098562 0.067172
1 0.120031 0.874297 0.137563 0.088906
1 0.662398 0.716594 0.108828 0.109313
1 0.811828 0.752398 0.097344 0.094891
1 0.701031 0.793445 0.071625 0.057078
0 0.025281 0.885398 0.050063 0.069203
1 0.198023 0.813266 0.067859 0.055469
1 0.051898 0.497109 0.080047 0.097344
1 0.130500 0.435297 0.069938 0.080750
1 0.157539 0.549844 0.071203 0.051187
1 0.228055 0.402539 0.116359 0.107516
1 0.477523 0.461648 0.072609 0.072141
1 0.314852 0.331562 0.076797 0.080969
1 0.514758 0.335289 0.067953 0.071672
1 0.375937 0.421773 0.083469 0.077547
1 0.734297 0.705508 0.059812 0.068547
0 0.049820 0.118961 0.086141 0.088422
1 0.037375 0.207156 0.074750 0.080531
1 0.457789 0.024961 0.064172 0.049016
0 0.543445 0.024844 0.110609 0.049688
