1 0.615727 0.279328 0.057922 0.063156
1 0.576766 0.239781 0.080563 0.057719
1 0.907430 0.700125 0.115891 0.074937
1 0.172812 0.346625 0.189469 0.147625
1 0.548820 0.653820 0.119141 0.080984
1 0.446992 0.443047 0.096141 0.082469
1 0.517984 0.339664 0.142406 0.094516
1 0.666414 0.374258 0.112641 0.076828
1 0.125133 0.428602 0.101297 0.087234
0 0.349422 0.487820 0.121219 0.100109
1 0.157547 0.711211 0.128750 0.117391
1 0.053883 0.560164 0.107766 0.121172
1 0.151297 0.904828 0.099687 0.101562
1 0.537883 0.752719 0.127984 0.079594
1 0.646500 0.312719 0.084063 0.084875
1 0.677977 0.724562 0.129859 0.128469
1 0.661914 0.599836 0.080984 0.097734
1 0.896719 0.634305 0.108437 0.096734
