1 0.903961 0.458297 0.116078 0.107406
0 0.251758 0.932219 0.132641 0.133375
1 0.089914 0.957812 0.075703 0.072094
1 0.628078 0.775711 0.096812 0.077266
1 0.743391 0.771430 0.076000 0.051703
0 0.648086 0.883578 0.086016 0.086594
1 0.491609 0.213156 0.107156 0.107156
1 0.402758 0.210992 0.095328 0.098547
0 0.636211 0.125883 0.090828 0.110297
1 0.211242 0.123359 0.107422 0.122562
1 0.183844 0.237984 0.064156 0.066312
1 0.399758 0.085875 0.086516 0.066313
1 0.313969 0.094883 0.076406 0.075703
2 0.892180 0.036336 0.113391 0.058578
2 0.715539 0.031656 0.067922 0.050469
0 0.975656 0.400297 0.048687 0.086750
0 0.049320 0.608625 0.098641 0.178812
0 0.236031 0.566875 0.191281 0.158875
0 0.675906 0.558547 0.094437 0.073531
0 0.410484 0.466563 0.178812 0.178812
