1 0.195883 0.847633 0.078609 0.059266
1 0.346164 0.162031 0.087266 0.066437
1 0.114437 0.195750 0.097406 0.102438
1 0.041773 0.193469 0.083547 0.093813
1 0.091781 0.624992 0.087656 0.102984
1 0.174586 0.658961 0.111359 0.082391
1 0.289625 0.678234 0.104781 0.088531
1 0.351445 0.611844 0.100359 0.081937
1 0.246703 0.559250 0.094219 0.074937
1 0.453109 0.517617 0.109125 0.084578
1 0.326781 0.874391 0.119094 0.106781
1 0.045945 0.840352 0.091891 0.074672
1 0.271250 0.958898 0.068969 0.082203
1 0.189875 0.928703 0.067437 0.083656
1 0.346047 0.953297 0.085687 0.081125
1 0.431227 0.946453 0.088734 0.084688
1 0.877945 0.952922 0.097734 0.075812
2 0.773422 0.881930 0.037688 0.070547
1 0.840469 0.031227 0.100531 0.062453
1 0.698680 0.577984 0.075359 0.078062
1 0.155328 0.515297 0.067062 0.073187
