1 0.232977 0.506938 0.052328 0.084125
1 0.080328 0.062883 0.112469 0.100922
1 0.317859 0.120188 0.117500 0.107406
1 0.207383 0.122594 0.106578 0.099594
1 0.728422 0.047336 0.110313 0.094672
0 0.474313 0.147266 0.068000 0.054844
0 0.699797 0.337180 0.097312 0.086516
1 0.882172 0.424055 0.088719 0.069922
1 0.803219 0.777594 0.094188 0.110625
1 0.513031 0.784977 0.136844 0.115422
2 0.396523 0.798336 0.064703 0.070578
0 0.627234 0.773828 0.060187 0.042062
2 0.295375 0.883742 0.109875 0.071672
2 0.091164 0.830063 0.094641 0.058281
1 0.121539 0.587414 0.066328 0.080859
1 0.172922 0.489883 0.077000 0.080234
2 0.094813 0.514391 0.058750 0.050625
1 0.228664 0.428906 0.088609 0.067187
1 0.084078 0.401102 0.079625 0.089828
0 0.064531 0.469977 0.071250 0.050734
0 0.020063 0.528156 0.040125 0.050719
1 0.303945 0.532859 0.067922 0.043625
1 0.173125 0.389844 0.097812 0.063750
1 0.404125 0.094070 0.070750 0.083766
