0 0.709822 0.024600 0.120422 0.049199
2 0.085063 0.381665 0.114528 0.083819
2 0.075734 0.277763 0.104818 0.079266
2 0.258872 0.369992 0.084487 0.079199
0 0.041003 0.467691 0.082006 0.081908
2 0.509986 0.550890 0.138770 0.098429
2 0.405146 0.493388 0.079702 0.098233
0 0.516133 0.449763 0.148484 0.104812
2 0.834105 0.463971 0.071936 0.090954
0 0.661950 0.561824 0.109834 0.130086
2 0.691360 0.450344 0.098083 0.091945
2 0.710410 0.971662 0.066108 0.056676
2 0.583411 0.888137 0.121275 0.081129
2 0.961106 0.490143 0.077787 0.125725
