2 0.964359 0.502141 0.041813 0.043625
1 0.495344 0.673922 0.099063 0.097813
2 0.889102 0.795109 0.065484 0.049844
2 0.945742 0.763633 0.052297 0.039016
2 0.963688 0.697336 0.072625 0.050641
0 0.740508 0.701063 0.089391 0.075344
2 0.833133 0.589617 0.082922 0.061391
0 0.923602 0.601469 0.065703 0.067844
2 0.728664 0.588813 0.081859 0.047938
0 0.794359 0.454727 0.087250 0.092078
1 0.215914 0.632430 0.111859 0.104266
1 0.128359 0.679469 0.059813 0.081000
0 0.301609 0.957891 0.119031 0.082781
1 0.379461 0.946781 0.052703 0.050469
1 0.244648 0.904805 0.077547 0.079703
1 0.055125 0.270484 0.079187 0.072281
1 0.051414 0.391664 0.082859 0.065422
1 0.128336 0.440891 0.074828 0.087844
0 0.129578 0.357398 0.078562 0.076641
1 0.350297 0.111664 0.067906 0.065422
1 0.169305 0.125984 0.076016 0.074156
2 0.649906 0.019906 0.056062 0.039813
2 0.480008 0.252945 0.057141 0.045234
1 0.447875 0.537531 0.050469 0.048594
2 0.799047 0.672930 0.059781 0.059234
2 0.656789 0.183688 0.076016 0.060438
1 0.900852 0.308609 0.059516 0.065625
2 0.893328 0.403375 0.061750 0.052938
