2 0.820814 0.569397 0.099683 0.039287
2 0.960617 0.580107 0.077508 0.035967
0 0.944911 0.552196 0.070636 0.023605
0 0.883555 0.523644 0.106753 0.056885
0 0.947737 0.478094 0.057945 0.026418
0 0.517341 0.601401 0.078962 0.035679
0 0.931082 0.682752 0.069452 0.035317
0 0.965173 0.659948 0.069654 0.036589
0 0.870590 0.639949 0.071746 0.027806
2 0.856097 0.726837 0.063450 0.035463
2 0.809631 0.691921 0.077921 0.044100
2 0.317891 0.741053 0.083804 0.029479
2 0.166288 0.412133 0.101477 0.027327
0 0.681893 0.351800 0.136478 0.049781
2 0.767761 0.328802 0.072940 0.033678
2 0.490905 0.298302 0.068548 0.026766
