0 0.270617 0.019546 0.079927 0.039091
0 0.288964 0.456833 0.082186 0.136646
0 0.206769 0.255386 0.097640 0.187612
0 0.136268 0.429363 0.118808 0.186021
2 0.622667 0.014990 0.078443 0.029979
2 0.613299 0.889371 0.077610 0.146908
2 0.626545 0.418864 0.093481 0.097067
2 0.851322 0.128578 0.100093 0.136033
2 0.814781 0.054667 0.076483 0.100893
2 0.858196 0.297867 0.085711 0.153155
0 0.779178 0.227430 0.074990 0.105341
2 0.579866 0.765063 0.070656 0.106910
0 0.549616 0.024452 0.061482 0.048904
0 0.713156 0.787886 0.068816 0.101923
2 0.358109 0.502143 0.053035 0.081381
2 0.417449 0.512058 0.051680 0.065452
