1 0.100617 0.790273 0.045891 0.047984
0 0.675898 0.616820 0.108922 0.111016
0 0.742805 0.930930 0.111234 0.097266
2 0.730234 0.850875 0.074000 0.052594
2 0.606773 0.513461 0.058047 0.086922
2 0.639906 0.290789 0.104594 0.062359
1 0.927203 0.221633 0.051187 0.055391
0 0.527094 0.071102 0.069188 0.074734
0 0.266523 0.029203 0.068828 0.058406
2 0.948023 0.455852 0.055891 0.081422
0 0.611586 0.148953 0.061141 0.072000
0 0.698680 0.166250 0.080047 0.052687
0 0.783953 0.312875 0.039813 0.086875
0 0.760219 0.263602 0.084875 0.052703
