2 0.440883 0.935617 0.105328 0.052484
2 0.277195 0.242164 0.063734 0.056703
0 0.310570 0.318227 0.068266 0.089266
2 0.172555 0.356086 0.039141 0.047672
2 0.273180 0.346055 0.047672 0.030609
2 0.342602 0.641039 0.072641 0.073172
2 0.432352 0.704617 0.061547 0.056328
2 0.484898 0.760359 0.066766 0.054000
1 0.438633 0.795641 0.054766 0.053781
1 0.382258 0.859313 0.111141 0.087812
2 0.458383 0.888984 0.065797 0.038281
1 0.330078 0.944359 0.045719 0.046656
2 0.060742 0.897594 0.081297 0.073281
2 0.657531 0.688125 0.058062 0.058063
2 0.662227 0.763930 0.050547 0.041797
1 0.886703 0.842812 0.050313 0.051187
1 0.729375 0.473352 0.042781 0.049109
2 0.844852 0.539734 0.037484 0.061156
1 0.783938 0.458727 0.065594 0.065609
2 0.737023 0.130633 0.054766 0.046109
0 0.182375 0.031656 0.101219 0.063313
0 0.878141 0.964625 0.073094 0.068969
2 0.881328 0.728336 0.062969 0.044234
