0 0.968195 0.030961 0.063609 0.061922
0 0.040578 0.263586 0.068562 0.046422
1 0.088508 0.281367 0.046453 0.044672
2 0.087664 0.589016 0.057484 0.080719
2 0.326000 0.524555 0.077875 0.069109
1 0.435484 0.542359 0.085875 0.079375
1 0.519578 0.650359 0.066031 0.057688
1 0.524555 0.546273 0.056328 0.065609
2 0.857508 0.893680 0.068516 0.085359
1 0.451242 0.970625 0.080797 0.058750
1 0.584234 0.965109 0.085813 0.069781
1 0.549852 0.913156 0.078297 0.059219
1 0.611336 0.867734 0.073766 0.068750
1 0.486117 0.839875 0.072266 0.077281
0 0.773258 0.391406 0.050516 0.047031
2 0.971258 0.358312 0.036578 0.054000
1 0.449703 0.188070 0.043812 0.045984
0 0.471203 0.915102 0.048375 0.034266
