1 0.620586 0.431305 0.101922 0.111703
1 0.561422 0.107813 0.070969 0.067094
0 0.545945 0.062445 0.162391 0.075797
0 0.213039 0.057422 0.074516 0.102156
0 0.647383 0.595758 0.095609 0.107078
1 0.727172 0.641992 0.066750 0.079266
0 0.680805 0.805844 0.084516 0.057375
0 0.645867 0.876594 0.104328 0.077875
0 0.745992 0.865125 0.087641 0.096656
1 0.566953 0.297430 0.068844 0.072672
1 0.913797 0.682141 0.079375 0.072094
0 0.971641 0.352805 0.050750 0.057359
2 0.915844 0.292141 0.097687 0.053531
1 0.904891 0.379398 0.089000 0.076484
1 0.948687 0.961945 0.084812 0.075453
0 0.719242 0.952906 0.145328 0.086562
1 0.903031 0.204609 0.072344 0.058406
