1 0.237328 0.259141 0.086156 0.063000
1 0.206898 0.059625 0.066234 0.073250
0 0.392859 0.626875 0.044688 0.045063
0 0.531055 0.063078 0.061547 0.050281
1 0.463680 0.024859 0.054703 0.049469
0 0.852602 0.146508 0.071641 0.064766
0 0.045703 0.717539 0.084875 0.069578
1 0.351852 0.614227 0.051391 0.045078
1 0.574781 0.364078 0.101781 0.104188
1 0.266852 0.475711 0.080047 0.080047
1 0.284156 0.387820 0.100969 0.080453
0 0.310305 0.557969 0.074422 0.062750
0 0.367820 0.735766 0.146016 0.081250
1 0.384117 0.771766 0.068391 0.064750
0 0.959945 0.511320 0.074859 0.084547
1 0.214039 0.141461 0.081266 0.107766
1 0.884719 0.360180 0.092125 0.076422
2 0.963945 0.184836 0.072109 0.051078
1 0.954539 0.088414 0.044859 0.057703
1 0.868320 0.045133 0.085172 0.076828
2 0.574062 0.143281 0.087969 0.058406
0 0.565531 0.569234 0.070000 0.069187
0 0.702898 0.658734 0.095328 0.097750
1 0.722289 0.866938 0.068391 0.053094
2 0.736172 0.951609 0.081656 0.056719
1 0.393883 0.955414 0.072484 0.063891
1 0.291477 0.132375 0.090109 0.059844
