2 0.517315 0.436638 0.050900 0.052278
2 0.534472 0.305460 0.064546 0.064875
0 0.628450 0.275261 0.052200 0.053359
0 0.733910 0.267516 0.079276 0.078747
0 0.923218 0.414230 0.057605 0.067159
2 0.869195 0.272919 0.061519 0.068153
0 0.898453 0.668843 0.075994 0.074129
0 0.774518 0.717552 0.097534 0.084415
2 0.968069 0.664048 0.063862 0.074378
2 0.946712 0.765027 0.059654 0.063069
2 0.539436 0.631099 0.067698 0.069888
2 0.547826 0.571163 0.049608 0.060065
2 0.540019 0.389130 0.058708 0.057089
2 0.478096 0.480611 0.081627 0.073394
2 0.435317 0.285987 0.051301 0.052717
2 0.316117 0.346427 0.071591 0.080530
2 0.184484 0.324959 0.099396 0.116812
2 0.283224 0.770903 0.084858 0.076577
2 0.128959 0.670771 0.120768 0.080589
2 0.146026 0.742286 0.118208 0.084048
2 0.058318 0.583604 0.074385 0.081845
2 0.105337 0.455014 0.085574 0.121759
2 0.211135 0.632355 0.075351 0.084772
2 0.062900 0.282637 0.072748 0.093428
2 0.015557 0.104547 0.031113 0.053710
2 0.369940 0.013109 0.059524 0.026217
0 0.747512 0.657356 0.067622 0.070883
2 0.457021 0.611571 0.081567 0.093445
