1 0.300172 0.103125 0.047406 0.052344
1 0.699500 0.024773 0.066281 0.049547
1 0.522898 0.478266 0.107516 0.100063
1 0.375594 0.430555 0.144281 0.124734
1 0.240156 0.455687 0.112625 0.109844
1 0.104250 0.485711 0.118219 0.092609
1 0.137297 0.388672 0.100531 0.088438
1 0.206875 0.626500 0.110312 0.083781
1 0.163633 0.557344 0.064797 0.059187
1 0.276711 0.829625 0.105297 0.092844
1 0.148961 0.833750 0.079641 0.073219
0 0.062836 0.967258 0.124266 0.065484
0 0.085875 0.841430 0.069812 0.076328
0 0.084937 0.905187 0.092156 0.057719
1 0.322297 0.934750 0.073531 0.051656
1 0.401422 0.927766 0.085625 0.071219
1 0.427016 0.805125 0.112625 0.104250
1 0.494742 0.745789 0.089828 0.079578
1 0.410266 0.717633 0.094937 0.076328
1 0.549188 0.688539 0.087969 0.071203
1 0.648313 0.886328 0.092219 0.069156
1 0.408141 0.525375 0.075937 0.068938
1 0.026500 0.540148 0.053000 0.069391
1 0.184312 0.210734 0.079750 0.059781
1 0.237625 0.075828 0.090531 0.074313
1 0.029703 0.218531 0.059406 0.078625
1 0.074188 0.166297 0.098594 0.080781
