1 0.120047 0.400391 0.099625 0.113094
1 0.071305 0.518859 0.103391 0.081844
1 0.184672 0.378312 0.083469 0.074312
1 0.187625 0.444008 0.092625 0.059234
1 0.389562 0.425164 0.120625 0.112016
1 0.296133 0.430813 0.073766 0.073781
1 0.598234 0.418969 0.075938 0.073781
1 0.703789 0.419789 0.100703 0.086141
1 0.510188 0.326883 0.099094 0.072703
1 0.280516 0.354344 0.101781 0.095312
1 0.530383 0.384766 0.078078 0.060313
1 0.789937 0.290508 0.079156 0.072109
0 0.799063 0.632734 0.096625 0.082250
1 0.551063 0.834695 0.075125 0.082391
1 0.295211 0.777234 0.083266 0.077625
1 0.138742 0.813211 0.093734 0.088453
1 0.300242 0.706219 0.086891 0.071563
2 0.970922 0.278789 0.058156 0.056672
1 0.880313 0.256367 0.054937 0.062578
1 0.422281 0.037195 0.052281 0.054391
0 0.668250 0.035961 0.098188 0.062359
1 0.645719 0.088461 0.086125 0.061953
1 0.487063 0.065125 0.089000 0.058719
1 0.424078 0.117016 0.094969 0.065969
1 0.333797 0.117047 0.065156 0.052125
1 0.241148 0.071906 0.135828 0.114500
1 0.171727 0.750469 0.088891 0.078000
1 0.192039 0.874383 0.090109 0.086078
1 0.234266 0.726672 0.069469 0.062469
1 0.381141 0.765164 0.063281 0.059797
1 0.409305 0.694766 0.053547 0.058750
1 0.459891 0.508352 0.049719 0.073703
1 0.488680 0.447031 0.078891 0.043844
1 0.098195 0.134898 0.103984 0.076141
1 0.174687 0.174180 0.091469 0.074047
1 0.028508 0.125508 0.057016 0.064328
