1 0.741883 0.385133 0.054453 0.046547
1 0.440023 0.438898 0.083266 0.086484
1 0.441148 0.775852 0.091734 0.104266
1 0.281969 0.790750 0.081500 0.073531
1 0.331797 0.731016 0.070469 0.051906
1 0.054453 0.899398 0.056406 0.059547
1 0.534648 0.762773 0.051703 0.052578
1 0.515445 0.849836 0.064359 0.051484
1 0.723070 0.764508 0.090734 0.084484
1 0.876031 0.793016 0.085875 0.079625
1 0.494969 0.381383 0.056625 0.052453
1 0.406602 0.862273 0.051484 0.063547
0 0.142391 0.055805 0.068531 0.073359
1 0.395672 0.139617 0.066594 0.050266
1 0.031359 0.499172 0.062719 0.097688
1 0.524227 0.611328 0.070328 0.069812
0 0.820703 0.442023 0.046969 0.033453
1 0.843617 0.195383 0.064703 0.059109
