0 0.764867 0.743164 0.058359 0.063547
1 0.740148 0.817586 0.060328 0.074016
2 0.893188 0.923172 0.084906 0.066375
2 0.806703 0.948117 0.076875 0.063953
2 0.833273 0.846742 0.061547 0.049484
0 0.819977 0.728477 0.043078 0.051891
0 0.812148 0.663523 0.058734 0.052297
0 0.742141 0.687852 0.066000 0.061547
2 0.754227 0.538016 0.053109 0.061156
2 0.680992 0.545055 0.046703 0.061547
2 0.691469 0.478898 0.057937 0.058766
2 0.853555 0.522266 0.073203 0.063156
2 0.889359 0.601375 0.041875 0.059938
1 0.717891 0.410102 0.050906 0.055828
0 0.668789 0.357203 0.088484 0.060750
0 0.751430 0.347953 0.063203 0.078437
0 0.824469 0.425383 0.092625 0.106203
2 0.514148 0.882617 0.047484 0.046547
0 0.521742 0.969984 0.069422 0.060031
2 0.443617 0.884688 0.057391 0.067906
2 0.377969 0.889945 0.061906 0.056797
1 0.384875 0.968484 0.080531 0.063031
0 0.408500 0.759188 0.080312 0.061531
2 0.381039 0.841242 0.076828 0.040672
1 0.118453 0.752531 0.105187 0.101469
1 0.062578 0.811406 0.094063 0.074937
1 0.049313 0.721117 0.075906 0.086109
2 0.369750 0.578742 0.044250 0.046547
1 0.394703 0.501641 0.045062 0.064906
1 0.328750 0.470547 0.074219 0.061000
0 0.032508 0.369750 0.064359 0.040219
1 0.036203 0.067984 0.072406 0.128969
0 0.292875 0.139937 0.054937 0.044500
0 0.657188 0.190672 0.058750 0.068375
2 0.906180 0.068914 0.059453 0.065703
1 0.820984 0.061086 0.051844 0.070922
1 0.061211 0.416977 0.080047 0.068422
