2 0.707906 0.826250 0.085531 0.079969
1 0.644977 0.937422 0.059797 0.055781
2 0.171977 0.468680 0.086609 0.059203
0 0.716781 0.969844 0.052844 0.046875
1 0.400531 0.823492 0.088094 0.071609
1 0.303781 0.893883 0.078844 0.077234
1 0.428281 0.873172 0.081656 0.067187
0 0.021781 0.965461 0.043562 0.069078
0 0.951453 0.282492 0.051344 0.045922
2 0.928398 0.182406 0.064078 0.053313
2 0.823922 0.309219 0.041469 0.052781
0 0.952984 0.242484 0.074000 0.043750
1 0.383297 0.966023 0.073125 0.058641
1 0.303898 0.791625 0.065703 0.074406
1 0.969914 0.874266 0.044234 0.045531
2 0.944031 0.607273 0.079156 0.041422
1 0.377352 0.483312 0.064359 0.087688
1 0.278383 0.467742 0.093172 0.071266
0 0.623531 0.333258 0.047813 0.046266
