2 0.490203 0.553266 0.042063 0.044500
2 0.371625 0.601492 0.051875 0.056797
0 0.363344 0.705164 0.042875 0.045703
0 0.378406 0.815406 0.062750 0.070000
1 0.371344 0.964445 0.040656 0.038203
0 0.555070 0.975852 0.055859 0.048297
2 0.412016 0.953250 0.055969 0.052500
0 0.787031 0.891023 0.058750 0.067453
0 0.806227 0.752234 0.064328 0.089344
2 0.798195 0.968227 0.059797 0.063547
2 0.886828 0.918219 0.051156 0.051688
2 0.676031 0.530672 0.056313 0.059094
2 0.621969 0.553273 0.050406 0.041016
2 0.450742 0.587688 0.045203 0.052156
2 0.522883 0.502688 0.056672 0.074063
2 0.332539 0.504078 0.042422 0.044844
2 0.363664 0.367422 0.066391 0.060781
1 0.243195 0.327984 0.070922 0.068844
1 0.065195 0.369008 0.100828 0.075797
2 0.315859 0.237078 0.097344 0.083094
1 0.630898 0.300898 0.069109 0.070016
2 0.752148 0.234633 0.059203 0.076922
2 0.626281 0.099359 0.054937 0.116812
2 0.696508 0.100234 0.059109 0.113000
2 0.530156 0.047047 0.067094 0.063625
2 0.420297 0.125375 0.105688 0.066062
2 0.607852 0.192812 0.069891 0.063969
2 0.250750 0.121930 0.079438 0.058766
1 0.255523 0.044492 0.084422 0.073016
2 0.071438 0.098195 0.040625 0.058328
2 0.053227 0.503305 0.038172 0.054797
0 0.063352 0.849867 0.087172 0.082328
0 0.744445 0.738500 0.057359 0.058750
1 0.797438 0.417758 0.051938 0.054016
1 0.753937 0.443992 0.040250 0.036359
2 0.640430 0.450484 0.077391 0.068812
