1 0.107539 0.739398 0.042734 0.048734
0 0.446555 0.369758 0.064516 0.083953
1 0.168125 0.701539 0.098031 0.085453
1 0.266570 0.966586 0.072172 0.066828
2 0.837094 0.835461 0.059844 0.044297
1 0.840633 0.694828 0.052891 0.051719
1 0.879625 0.685461 0.038562 0.047234
1 0.901891 0.720453 0.049563 0.041438
0 0.939969 0.647805 0.038594 0.041641
1 0.979445 0.810539 0.041109 0.068516
1 0.403188 0.691227 0.108438 0.078297
0 0.763555 0.395359 0.056328 0.062719
0 0.091164 0.314234 0.139016 0.134500
1 0.260367 0.654531 0.079578 0.064375
0 0.693945 0.050094 0.073734 0.087188
2 0.752523 0.016266 0.069359 0.032531
1 0.383844 0.058773 0.083312 0.078516
2 0.077805 0.040523 0.073766 0.071266
1 0.775086 0.082320 0.044234 0.044234
1 0.104219 0.812008 0.078437 0.060578
1 0.205555 0.768086 0.049141 0.045359
