0 0.799655 0.538568 0.080231 0.089034
0 0.782143 0.595597 0.098910 0.081132
2 0.699144 0.607377 0.086589 0.135919
2 0.740691 0.966111 0.078786 0.067778
0 0.654815 0.975828 0.094662 0.048344
2 0.348470 0.977596 0.072881 0.044807
2 0.776707 0.830338 0.078390 0.121854
0 0.714237 0.478902 0.088280 0.109819
2 0.803921 0.346487 0.076604 0.083957
2 0.806012 0.196831 0.108411 0.128905
2 0.741009 0.127475 0.064533 0.089337
2 0.798419 0.027131 0.108696 0.054263
2 0.446135 0.387700 0.054973 0.075033
2 0.482506 0.499447 0.097108 0.112860
0 0.403508 0.811884 0.067636 0.073444
2 0.461347 0.810210 0.061000 0.089614
2 0.190080 0.724581 0.088213 0.100146
2 0.519269 0.033670 0.077412 0.067340
