0 0.759365 0.977452 0.101802 0.045095
0 0.434284 0.771868 0.112985 0.123305
0 0.540940 0.968013 0.153032 0.063974
2 0.847401 0.936069 0.077315 0.085951
2 0.899256 0.392305 0.082625 0.125701
2 0.265087 0.031664 0.119989 0.063329
2 0.597218 0.192011 0.085095 0.154047
2 0.926306 0.040475 0.085599 0.080950
0 0.791918 0.032744 0.088704 0.065489
2 0.337895 0.121320 0.089274 0.108504
0 0.855159 0.512153 0.077286 0.094542
0 0.942827 0.622194 0.077983 0.088677
2 0.430787 0.629608 0.067853 0.081176
2 0.447907 0.520339 0.055815 0.082376
