1 0.317453 0.825492 0.091438 0.107422
1 0.234883 0.857125 0.079266 0.086562
1 0.204297 0.772641 0.080656 0.069875
1 0.373734 0.930859 0.084469 0.056719
0 0.638492 0.857406 0.090766 0.074812
2 0.976953 0.783594 0.046094 0.069594
1 0.331289 0.536758 0.080297 0.064672
1 0.203180 0.457148 0.100828 0.082047
0 0.422547 0.407914 0.061187 0.064328
1 0.595508 0.365008 0.124109 0.104359
1 0.611555 0.276344 0.084109 0.078500
1 0.842297 0.285961 0.079312 0.087609
0 0.941398 0.323328 0.084828 0.111594
0 0.175867 0.207047 0.074828 0.084875
0 0.264367 0.176273 0.057922 0.082859
0 0.047930 0.039102 0.071641 0.057109
0 0.528250 0.053844 0.106125 0.104719
0 0.503813 0.143672 0.051656 0.066562
1 0.859367 0.040586 0.101047 0.075391
1 0.741531 0.692367 0.108500 0.072141
