1 0.773133 0.120398 0.096797 0.086578
0 0.640359 0.457070 0.057500 0.061016
0 0.644187 0.527688 0.072125 0.069437
1 0.624086 0.081781 0.085109 0.089688
0 0.565906 0.466320 0.062375 0.050203
0 0.546633 0.580914 0.070484 0.061359
1 0.675914 0.591055 0.069516 0.058297
0 0.959344 0.450375 0.081312 0.106062
1 0.681484 0.842586 0.095031 0.089766
1 0.375828 0.940813 0.067906 0.078063
1 0.225008 0.192477 0.079922 0.065891
0 0.556961 0.520523 0.095078 0.056422
1 0.194898 0.315391 0.079547 0.059469
1 0.531117 0.129484 0.097359 0.112062
1 0.469516 0.245086 0.072500 0.095828
1 0.859891 0.196109 0.056281 0.060344
