0 0.090563 0.806102 0.179187 0.203859
1 0.105000 0.547258 0.047813 0.041172
1 0.289625 0.347508 0.086094 0.100172
1 0.202539 0.424937 0.080859 0.087687
1 0.283898 0.428742 0.058109 0.064234
2 0.357156 0.759492 0.091594 0.053672
1 0.279531 0.714523 0.055000 0.049578
1 0.438234 0.942898 0.042094 0.057641
2 0.790023 0.498133 0.056609 0.058703
1 0.695633 0.196703 0.058766 0.054313
1 0.308383 0.279898 0.059109 0.055859
1 0.250883 0.119562 0.086609 0.088906
1 0.159187 0.156531 0.069750 0.069750
1 0.568305 0.109539 0.052703 0.061547
