0 0.522656 0.430945 0.101562 0.079766
1 0.163094 0.782117 0.177000 0.156484
1 0.323289 0.761547 0.083359 0.073531
1 0.491703 0.625734 0.122875 0.091219
1 0.485422 0.734180 0.074000 0.076328
1 0.637375 0.586875 0.112625 0.136375
0 0.875203 0.656922 0.085625 0.085625
1 0.938273 0.628297 0.093547 0.056313
1 0.968781 0.514039 0.062438 0.091234
1 0.775789 0.738930 0.111703 0.088422
1 0.955930 0.943578 0.088141 0.108844
1 0.353094 0.964336 0.070344 0.051984
2 0.080508 0.895055 0.059828 0.058391
1 0.082969 0.449531 0.084875 0.074812
0 0.206672 0.378297 0.078656 0.064656
1 0.616008 0.324352 0.088859 0.091547
1 0.214023 0.080680 0.107703 0.074859
0 0.931734 0.249023 0.108781 0.128172
0 0.430758 0.290937 0.075391 0.061063
