0 0.648769 0.540626 0.057530 0.056610
1 0.054342 0.478863 0.088797 0.077902
1 0.094773 0.688117 0.093864 0.088473
1 0.070340 0.243956 0.068326 0.068022
1 0.029944 0.243036 0.056165 0.060030
1 0.021678 0.140205 0.043356 0.069467
1 0.137513 0.172415 0.072578 0.077709
1 0.089470 0.311042 0.059880 0.060845
1 0.451380 0.269457 0.112430 0.097294
1 0.415519 0.201992 0.062705 0.058490
1 0.374496 0.279533 0.063392 0.062046
1 0.724465 0.538552 0.084323 0.104962
1 0.699937 0.450775 0.058058 0.046105
0 0.648014 0.470167 0.048318 0.048420
2 0.758404 0.638587 0.053728 0.033841
1 0.686370 0.805247 0.068513 0.043684
1 0.791676 0.384164 0.099069 0.088851
1 0.827002 0.249888 0.109391 0.094368
1 0.746375 0.308868 0.084682 0.074534
1 0.659085 0.368865 0.116566 0.092473
1 0.733307 0.188596 0.122229 0.093261
1 0.747378 0.070531 0.089049 0.075445
1 0.861139 0.166862 0.085277 0.082100
1 0.666825 0.132234 0.056046 0.059876
1 0.918504 0.141705 0.075965 0.076971
