1 0.239219 0.402406 0.081875 0.098875
1 0.132281 0.415563 0.058125 0.073750
0 0.640719 0.312445 0.052406 0.081297
0 0.692047 0.066875 0.041281 0.050531
2 0.977648 0.109617 0.044141 0.063297
2 0.950359 0.343328 0.073156 0.078969
0 0.166961 0.155445 0.072828 0.071266
2 0.674570 0.684305 0.073266 0.057203
2 0.100844 0.732148 0.044719 0.075484
2 0.072531 0.842492 0.079844 0.061484
1 0.382859 0.858391 0.078344 0.077219
1 0.401406 0.673906 0.059125 0.064500
0 0.747484 0.792305 0.068750 0.087828
0 0.681992 0.854266 0.052203 0.081344
1 0.682117 0.620828 0.077609 0.064469
1 0.704883 0.544352 0.062016 0.070703
2 0.783586 0.711125 0.046016 0.031219
2 0.894430 0.718063 0.052484 0.057250
2 0.769070 0.538719 0.060297 0.057688
1 0.698227 0.324469 0.057266 0.086313
1 0.698125 0.207172 0.070625 0.061562
1 0.736547 0.157805 0.049688 0.061234
1 0.218930 0.214969 0.094359 0.086312
1 0.054062 0.491164 0.080625 0.095391
