2 0.727070 0.360000 0.045297 0.037156
2 0.758039 0.400664 0.070609 0.063547
2 0.490430 0.902008 0.046859 0.063016
1 0.545352 0.806422 0.059766 0.076469
1 0.252656 0.840078 0.077594 0.061937
1 0.224031 0.673969 0.068469 0.055844
1 0.113281 0.527836 0.085156 0.080984
0 0.470313 0.432375 0.079750 0.072156
2 0.500469 0.481648 0.072219 0.061922
0 0.817266 0.333125 0.095281 0.061187
2 0.757984 0.216812 0.057125 0.078094
2 0.693195 0.214781 0.063109 0.040562
2 0.827211 0.208469 0.051078 0.039969
1 0.394531 0.207039 0.092125 0.087297
1 0.452859 0.135234 0.090500 0.078844
0 0.723297 0.093898 0.072719 0.056484
0 0.704070 0.141672 0.081734 0.037875
1 0.380727 0.107984 0.090734 0.079969
0 0.058578 0.227680 0.108406 0.100922
