2 0.874500 0.618398 0.047063 0.066078
1 0.270500 0.910297 0.094781 0.101781
1 0.328961 0.847523 0.096453 0.108703
1 0.257039 0.816594 0.079703 0.083469
2 0.636961 0.945844 0.054391 0.073781
2 0.711000 0.944492 0.046312 0.036609
2 0.571984 0.950852 0.070438 0.046266
0 0.603359 0.828562 0.064812 0.057531
0 0.955422 0.809937 0.059812 0.060438
1 0.934234 0.881141 0.058750 0.055625
0 0.913820 0.759891 0.087547 0.060500
2 0.948523 0.615844 0.059109 0.057250
2 0.884734 0.555805 0.071250 0.047016
0 0.980664 0.522984 0.038672 0.069813
1 0.911531 0.486953 0.049312 0.051719
0 0.864492 0.436656 0.092203 0.052594
0 0.942680 0.425719 0.061484 0.070750
2 0.555711 0.642375 0.074922 0.047938
1 0.210180 0.570047 0.094484 0.103781
2 0.614586 0.516008 0.089359 0.052578
0 0.850555 0.255422 0.058641 0.067031
2 0.855438 0.118352 0.060969 0.094484
0 0.488328 0.210938 0.048469 0.044156
1 0.234695 0.158703 0.109859 0.122781
1 0.077703 0.214711 0.100719 0.075391
1 0.152094 0.163078 0.093719 0.094938
