0 0.754078 0.498508 0.081313 0.066234
0 0.746000 0.548859 0.107156 0.056000
2 0.649586 0.571742 0.078141 0.107172
2 0.786391 0.888922 0.070531 0.099625
2 0.869594 0.915570 0.078625 0.075391
0 0.685695 0.909109 0.096391 0.076469
0 0.524406 0.956234 0.110937 0.058687
2 0.317891 0.949234 0.074844 0.056531
2 0.792297 0.745633 0.071031 0.095953
0 0.638711 0.462141 0.086609 0.083500
2 0.715977 0.337523 0.077891 0.062297
2 0.684820 0.212289 0.107797 0.097203
2 0.591641 0.164625 0.061125 0.069156
2 0.632797 0.054031 0.115875 0.068531
2 0.541203 0.030133 0.057313 0.060266
2 0.298211 0.428180 0.052328 0.057953
2 0.366750 0.515727 0.097187 0.084734
0 0.342719 0.788914 0.068938 0.054391
2 0.411375 0.778422 0.056531 0.070000
2 0.068352 0.749609 0.088859 0.074844
2 0.297398 0.089680 0.064703 0.114953
