0 0.711797 0.500285 0.066967 0.095847
0 0.691706 0.563519 0.078646 0.086329
2 0.629388 0.579479 0.077716 0.147727
2 0.610471 0.967576 0.071034 0.064847
0 0.546525 0.980047 0.078756 0.039907
2 0.323271 0.987462 0.060278 0.025077
2 0.657848 0.821366 0.070194 0.132410
0 0.656798 0.437915 0.075305 0.118642
2 0.739368 0.289304 0.063796 0.090344
2 0.759946 0.124967 0.091663 0.139073
2 0.721141 0.051218 0.056286 0.096800
2 0.471948 0.347604 0.047802 0.081271
2 0.484378 0.468928 0.081750 0.121676
0 0.386728 0.814739 0.056234 0.079007
2 0.429323 0.810789 0.053911 0.097245
2 0.241445 0.726709 0.073938 0.107890
