0 0.600227 0.628313 0.099172 0.094469
0 0.428703 0.658102 0.111781 0.089828
1 0.417555 0.555250 0.079172 0.091688
0 0.728438 0.471469 0.095000 0.091688
1 0.388961 0.943266 0.096641 0.070406
2 0.414312 0.467281 0.066094 0.061906
2 0.307711 0.517312 0.058703 0.048406
0 0.247438 0.586891 0.137344 0.135438
0 0.048258 0.539422 0.075859 0.074000
2 0.039516 0.736422 0.074250 0.055500
2 0.178156 0.636008 0.069187 0.054703
1 0.332359 0.202562 0.103406 0.110188
0 0.807766 0.079977 0.074313 0.068922
0 0.404336 0.303664 0.067828 0.070641
1 0.298023 0.961031 0.085359 0.059813
1 0.843797 0.933930 0.077937 0.074141
1 0.826352 0.860719 0.069234 0.061062
1 0.709531 0.823016 0.129656 0.099062
1 0.705164 0.930805 0.088547 0.086609
1 0.563414 0.911492 0.107859 0.089109
