2 0.718382 0.926824 0.085148 0.085105
2 0.788467 0.959614 0.081547 0.058418
2 0.684328 0.679681 0.070466 0.063191
2 0.554031 0.559186 0.060684 0.067534
2 0.663714 0.830214 0.072217 0.082851
2 0.638655 0.949795 0.062090 0.066290
2 0.789773 0.401525 0.072515 0.086198
0 0.693598 0.502397 0.078894 0.069989
2 0.873437 0.708729 0.049095 0.051684
0 0.312572 0.349952 0.120311 0.124275
0 0.218224 0.641527 0.094223 0.097943
0 0.134159 0.660089 0.078338 0.069033
0 0.145357 0.599618 0.055374 0.050120
2 0.244535 0.534220 0.058146 0.044874
2 0.371850 0.561605 0.056941 0.048045
0 0.276206 0.878248 0.129443 0.129502
2 0.216653 0.934978 0.048778 0.041185
0 0.174795 0.989985 0.058193 0.020030
2 0.373573 0.914088 0.064037 0.045985
0 0.367893 0.867293 0.055739 0.047621
2 0.580806 0.970902 0.053191 0.058197
2 0.945282 0.692822 0.079711 0.057936
0 0.869479 0.482977 0.055942 0.044150
0 0.838072 0.454448 0.041177 0.032142
2 0.451236 0.323788 0.045335 0.049606
