2 0.137601 0.461655 0.075350 0.090388
0 0.677831 0.776536 0.075582 0.074039
2 0.485251 0.709310 0.087568 0.110964
2 0.168226 0.187816 0.106202 0.107031
2 0.231719 0.027244 0.086267 0.054487
2 0.045948 0.935995 0.091896 0.118838
2 0.145518 0.325734 0.066983 0.061554
2 0.240980 0.489405 0.063180 0.070474
2 0.080174 0.574068 0.061558 0.067639
0 0.624314 0.731228 0.054135 0.052485
2 0.330578 0.596994 0.083034 0.086488
0 0.718760 0.349540 0.108648 0.099837
2 0.101922 0.769948 0.112028 0.086238
2 0.530478 0.610473 0.073416 0.079559
2 0.691316 0.509880 0.058484 0.059010
0 0.760555 0.466682 0.076694 0.062194
2 0.558683 0.494416 0.057987 0.069195
0 0.639787 0.359220 0.057601 0.056702
2 0.611138 0.978221 0.090027 0.043559
0 0.422403 0.024034 0.079893 0.048069
2 0.740363 0.058086 0.089091 0.086480
0 0.715557 0.152431 0.080459 0.082466
