0 0.945244 0.026606 0.109513 0.053211
0 0.983307 0.272187 0.033386 0.084669
0 0.721034 0.873615 0.088270 0.069010
2 0.663469 0.703332 0.075389 0.080363
2 0.756283 0.710980 0.071281 0.073567
2 0.675603 0.582319 0.071142 0.059395
0 0.586110 0.733622 0.073562 0.058746
2 0.516302 0.405301 0.088546 0.097353
2 0.566695 0.479007 0.088144 0.056182
0 0.606786 0.402133 0.094291 0.104165
2 0.597187 0.180356 0.081605 0.050723
0 0.508009 0.299264 0.116742 0.077389
2 0.607978 0.279996 0.082592 0.068953
2 0.131574 0.260838 0.071826 0.046591
2 0.215466 0.350404 0.073009 0.085049
2 0.022272 0.097980 0.044543 0.057682
0 0.063732 0.062758 0.116495 0.079111
2 0.478150 0.027065 0.120022 0.054130
2 0.575187 0.079955 0.112847 0.078214
