0 0.568353 0.799385 0.066851 0.120400
0 0.611189 0.784372 0.060909 0.156484
2 0.620062 0.645493 0.102066 0.118737
2 0.911340 0.818175 0.094638 0.107375
2 0.944004 0.934789 0.074502 0.117211
0 0.917381 0.673386 0.077468 0.142583
0 0.939911 0.440441 0.063676 0.162055
2 0.910236 0.146873 0.057679 0.110512
2 0.787487 0.836575 0.091504 0.107831
0 0.523569 0.637650 0.082461 0.129144
2 0.424094 0.756358 0.063038 0.115252
2 0.311698 0.720725 0.096790 0.160269
2 0.259631 0.591371 0.067084 0.091858
2 0.168219 0.657684 0.072795 0.169772
2 0.136986 0.528930 0.058922 0.085810
2 0.455157 0.155181 0.056343 0.078550
2 0.539071 0.246669 0.084742 0.144292
0 0.773743 0.193404 0.055145 0.101953
2 0.772468 0.291894 0.067293 0.085375
2 0.160885 0.177624 0.107293 0.100145
