1 0.685133 0.288609 0.101203 0.109281
1 0.731234 0.552836 0.098094 0.087109
1 0.703203 0.610211 0.061750 0.045828
2 0.529531 0.534844 0.059844 0.070063
1 0.441852 0.468180 0.101891 0.120078
1 0.421211 0.368750 0.087859 0.100000
1 0.501422 0.397898 0.065594 0.103172
1 0.059633 0.768883 0.089297 0.085703
1 0.403102 0.741500 0.051047 0.066875
1 0.523047 0.778461 0.113875 0.092703
1 0.750094 0.739156 0.096281 0.082125
0 0.707805 0.201102 0.062891 0.061203
1 0.781312 0.213180 0.069062 0.053953
1 0.358031 0.052945 0.073094 0.067797
1 0.572898 0.883375 0.095828 0.092781
1 0.082492 0.063086 0.049516 0.064422
1 0.173320 0.360156 0.072703 0.070875
1 0.381234 0.111023 0.072000 0.061359
0 0.703492 0.400531 0.063672 0.064000
