2 0.720516 0.825234 0.060031 0.033500
2 0.762172 0.984992 0.057719 0.030016
2 0.954898 0.785156 0.045609 0.057719
0 0.893930 0.638219 0.043047 0.047875
0 0.914445 0.555156 0.043047 0.037812
0 0.843242 0.536648 0.036609 0.033797
1 0.181852 0.571859 0.053016 0.070406
2 0.304266 0.680289 0.047469 0.044641
0 0.640305 0.857039 0.082297 0.064172
1 0.730648 0.744578 0.052391 0.058562
1 0.410539 0.223273 0.047984 0.051703
1 0.452547 0.228094 0.042594 0.041938
1 0.730281 0.516648 0.055469 0.050078
0 0.969492 0.611914 0.058672 0.065703
1 0.557398 0.935453 0.052641 0.054219
2 0.464992 0.438703 0.067484 0.050719
1 0.502000 0.582047 0.035375 0.031188
0 0.525031 0.751695 0.047938 0.047484
2 0.619281 0.797305 0.079125 0.041891
1 0.146398 0.353828 0.042203 0.053500
2 0.783266 0.097711 0.047969 0.056078
2 0.533750 0.509031 0.044500 0.035156
2 0.466297 0.098945 0.043750 0.042359
2 0.333656 0.732312 0.047625 0.044844
2 0.942773 0.079820 0.059766 0.046859
