1 0.228164 0.902664 0.092391 0.101828
1 0.391078 0.466695 0.102094 0.102672
1 0.515164 0.520680 0.105016 0.089766
1 0.355039 0.809883 0.109922 0.111328
1 0.309258 0.892398 0.102141 0.088578
1 0.349742 0.943148 0.091578 0.089172
1 0.050508 0.919969 0.101016 0.103844
1 0.696961 0.811930 0.065766 0.088547
1 0.558664 0.948680 0.095141 0.078016
1 0.475180 0.918437 0.081547 0.094656
1 0.670414 0.935312 0.092516 0.087219
1 0.096758 0.851477 0.105672 0.087203
1 0.037266 0.577531 0.074531 0.087219
1 0.162297 0.528656 0.064000 0.068062
1 0.119758 0.243984 0.077016 0.065313
1 0.230313 0.225109 0.109063 0.075563
1 0.388258 0.119133 0.089297 0.073516
1 0.478539 0.097078 0.068953 0.063875
1 0.609109 0.050172 0.137406 0.098875
1 0.645367 0.151844 0.106484 0.096344
1 0.132953 0.157672 0.085750 0.091781
1 0.083211 0.039633 0.091328 0.053234
1 0.558648 0.767867 0.088734 0.077578
1 0.461555 0.852039 0.095328 0.066422
1 0.172813 0.850461 0.073188 0.063109
1 0.967500 0.349688 0.065000 0.063094
1 0.938945 0.423539 0.059609 0.064422
1 0.265930 0.469211 0.047672 0.048172
1 0.563469 0.425102 0.066938 0.052734
1 0.702539 0.725578 0.079141 0.083656
