1 0.049555 0.720016 0.099109 0.062750
1 0.873141 0.146391 0.113562 0.095875
1 0.619844 0.276617 0.072813 0.067766
1 0.855578 0.432695 0.071375 0.068484
1 0.622695 0.542961 0.088734 0.059766
1 0.628328 0.882961 0.078187 0.087047
1 0.949234 0.884820 0.088906 0.071203
2 0.537336 0.895523 0.062828 0.080516
2 0.435211 0.969063 0.112703 0.061875
2 0.233648 0.933453 0.094016 0.065156
1 0.116141 0.909023 0.082375 0.079578
2 0.049109 0.928109 0.074000 0.064688
1 0.257352 0.692711 0.075234 0.077641
1 0.331766 0.604211 0.103375 0.084078
2 0.226641 0.616336 0.060375 0.054922
1 0.130078 0.601961 0.102969 0.127516
1 0.033258 0.604773 0.066516 0.096141
1 0.043117 0.670953 0.086234 0.044250
1 0.383219 0.547312 0.112312 0.071625
1 0.445344 0.628953 0.068438 0.041844
1 0.228102 0.519539 0.082141 0.076422
1 0.452758 0.239469 0.108953 0.087031
1 0.546766 0.180828 0.073594 0.057250
1 0.478813 0.323945 0.062406 0.046547
1 0.345234 0.223641 0.107094 0.104719
1 0.219828 0.181539 0.113094 0.084734
1 0.097633 0.273680 0.086609 0.070734
1 0.065523 0.154539 0.073578 0.063297
1 0.313930 0.499789 0.092828 0.074141
1 0.319500 0.674867 0.047625 0.068141
1 0.320250 0.738813 0.066125 0.053625
1 0.937781 0.833383 0.051125 0.045859
