0 0.526957 0.154446 0.079411 0.102734
0 0.476610 0.155566 0.074304 0.130392
2 0.436433 0.261192 0.118529 0.105673
2 0.154284 0.055509 0.109789 0.095843
0 0.115924 0.166419 0.092151 0.121457
0 0.040133 0.341708 0.077615 0.135106
2 0.021402 0.576895 0.042805 0.093853
2 0.294375 0.071685 0.106321 0.095823
0 0.540717 0.291011 0.097147 0.111492
2 0.676006 0.223325 0.074954 0.098227
2 0.791671 0.278627 0.114390 0.137694
2 0.820527 0.391846 0.078481 0.080319
2 0.935478 0.362850 0.088085 0.142274
2 0.941577 0.470480 0.069146 0.074579
2 0.510157 0.682364 0.065973 0.068560
2 0.438019 0.590707 0.100317 0.123679
0 0.168548 0.574342 0.065616 0.086818
2 0.191529 0.498200 0.078442 0.075246
2 0.155505 0.891591 0.089170 0.112661
2 0.838348 0.737312 0.123571 0.091683
