2 0.195742 0.681633 0.061953 0.045797
1 0.093367 0.717859 0.067172 0.057125
2 0.063195 0.764320 0.069578 0.041422
0 0.260898 0.800727 0.077234 0.070797
1 0.139281 0.584383 0.076750 0.076797
2 0.186687 0.271203 0.043844 0.063563
2 0.116070 0.354672 0.061172 0.041438
2 0.032000 0.381852 0.055562 0.060266
2 0.029891 0.263352 0.059781 0.045453
2 0.082281 0.255508 0.055562 0.039422
1 0.343367 0.221125 0.101359 0.100969
1 0.451547 0.340586 0.113469 0.087297
2 0.541055 0.312234 0.072047 0.033781
2 0.741109 0.248625 0.076844 0.059563
1 0.830703 0.206977 0.097781 0.085172
1 0.675281 0.141117 0.094937 0.080047
0 0.970547 0.525156 0.058906 0.049375
