2 0.073094 0.404758 0.083500 0.075391
2 0.026891 0.339961 0.053781 0.075391
2 0.348414 0.405461 0.060891 0.063391
2 0.499422 0.518000 0.067313 0.052781
2 0.186820 0.445844 0.082922 0.062469
2 0.059734 0.486492 0.065687 0.054391
2 0.637070 0.264375 0.086672 0.062312
0 0.540938 0.372711 0.067312 0.071078
2 0.288742 0.222711 0.051109 0.043109
0 0.763883 0.728422 0.122547 0.105969
1 0.409523 0.597219 0.067109 0.072812
0 0.458914 0.860344 0.096672 0.082906
0 0.451016 0.945773 0.066312 0.070641
0 0.515500 0.926672 0.048375 0.049750
2 0.572391 0.820094 0.042000 0.053312
2 0.523656 0.698102 0.045781 0.051641
0 0.191461 0.834641 0.127078 0.114594
2 0.138203 0.900961 0.039250 0.044234
0 0.066547 0.951742 0.050469 0.052328
2 0.137898 0.743328 0.042359 0.059187
0 0.189914 0.742703 0.045484 0.050469
1 0.125438 0.589469 0.093469 0.081687
2 0.039141 0.547125 0.070406 0.044875
2 0.295539 0.149695 0.053516 0.073578
0 0.536227 0.196563 0.041516 0.051156
0 0.572063 0.223758 0.030156 0.037703
2 0.772039 0.588102 0.049328 0.039547
2 0.019477 0.106578 0.038953 0.032313
