1 0.484758 0.320961 0.099484 0.108859
0 0.259773 0.707289 0.095547 0.127391
0 0.121297 0.702891 0.160812 0.111531
0 0.178328 0.801023 0.119000 0.092203
2 0.297344 0.855234 0.059187 0.068531
1 0.396992 0.799781 0.075453 0.088469
1 0.448437 0.721273 0.081000 0.084734
1 0.523477 0.669352 0.115328 0.076016
1 0.360859 0.630305 0.081687 0.078516
2 0.360547 0.707570 0.067344 0.056078
1 0.595055 0.348359 0.109578 0.097312
1 0.623133 0.425133 0.067828 0.057672
1 0.685523 0.301133 0.077141 0.069203
0 0.758336 0.359156 0.077141 0.078563
1 0.348141 0.302586 0.085781 0.089391
1 0.229945 0.375766 0.084266 0.072844
1 0.129523 0.360047 0.105641 0.074469
2 0.067391 0.484805 0.075094 0.052578
1 0.030875 0.364008 0.061750 0.064172
1 0.090234 0.423445 0.120875 0.071641
2 0.668555 0.975500 0.064797 0.049000
1 0.793516 0.975500 0.127656 0.049000
1 0.980711 0.230914 0.038578 0.099484
1 0.045500 0.057680 0.091000 0.115359
1 0.345367 0.078242 0.085172 0.070891
1 0.426312 0.033906 0.116781 0.067812
1 0.155078 0.275234 0.167250 0.074219
1 0.463070 0.624258 0.075391 0.078516
1 0.579953 0.726945 0.065219 0.045797
1 0.054516 0.816945 0.100219 0.091547
1 0.189617 0.032461 0.094578 0.064922
