1 0.146023 0.961133 0.093141 0.077734
1 0.255883 0.770352 0.059203 0.062797
1 0.202094 0.846820 0.051375 0.045672
1 0.114242 0.682703 0.069984 0.069187
2 0.953031 0.752844 0.069812 0.040563
1 0.883133 0.948992 0.031422 0.049078
1 0.146180 0.172320 0.051078 0.047172
1 0.101602 0.203945 0.060047 0.067484
0 0.182867 0.352414 0.072609 0.057703
2 0.115117 0.296336 0.074047 0.076797
1 0.097898 0.378477 0.104766 0.080984
1 0.589727 0.384391 0.061922 0.072156
1 0.703008 0.494625 0.073359 0.066406
2 0.586891 0.448211 0.058750 0.052141
0 0.505883 0.377484 0.093516 0.101906
0 0.498578 0.464375 0.061531 0.051812
1 0.564586 0.591398 0.092953 0.090109
1 0.650484 0.712273 0.059531 0.070391
2 0.598609 0.868781 0.079156 0.100688
2 0.746703 0.973836 0.060844 0.052328
0 0.247742 0.918320 0.100984 0.101922
1 0.200750 0.661625 0.091344 0.084875
