0 0.826070 0.879406 0.084734 0.077250
0 0.475352 0.744570 0.095953 0.076641
0 0.612734 0.895039 0.133969 0.084734
0 0.474727 0.943164 0.129609 0.113672
2 0.899898 0.815227 0.065422 0.053578
2 0.871555 0.435469 0.064797 0.081625
2 0.200602 0.235406 0.104734 0.067906
2 0.549555 0.328555 0.063016 0.101766
2 0.794484 0.113406 0.092844 0.100937
2 0.844016 0.176648 0.068531 0.077891
2 0.670523 0.065242 0.108484 0.077266
0 0.711680 0.181133 0.072266 0.074766
2 0.287742 0.306500 0.074141 0.068531
0 0.846109 0.522523 0.064094 0.059766
0 0.947078 0.589297 0.065687 0.055469
0 0.289141 0.133414 0.070469 0.067297
2 0.451383 0.646969 0.056547 0.051156
2 0.452187 0.569969 0.044156 0.053312
