1 0.364516 0.170953 0.075406 0.061437
1 0.262828 0.147227 0.152906 0.111016
1 0.866234 0.431820 0.101406 0.084078
1 0.676508 0.859164 0.121984 0.064703
2 0.806594 0.773289 0.074969 0.044672
1 0.788227 0.916180 0.110766 0.093078
1 0.387992 0.483844 0.096297 0.085531
1 0.117352 0.924273 0.078234 0.058172
1 0.251977 0.267133 0.064766 0.080453
1 0.684609 0.557953 0.088313 0.086156
1 0.174391 0.970766 0.061438 0.053063
1 0.467414 0.967992 0.072703 0.045891
1 0.288172 0.647828 0.069187 0.060344
1 0.312492 0.580055 0.076859 0.055109
1 0.338539 0.222016 0.067016 0.056844
1 0.305852 0.962789 0.106641 0.070391
1 0.032695 0.589188 0.065391 0.085625
1 0.881687 0.205203 0.096344 0.081906
