1 0.327000 0.525375 0.059187 0.060438
0 0.739875 0.382383 0.109094 0.087234
0 0.966383 0.396406 0.066047 0.062937
1 0.362172 0.461516 0.071094 0.074781
1 0.151438 0.826320 0.078656 0.056953
0 0.177750 0.944914 0.082250 0.057672
0 0.804945 0.768258 0.116859 0.090891
0 0.089844 0.832445 0.073531 0.100922
1 0.408492 0.599711 0.066047 0.063547
1 0.559898 0.046992 0.079141 0.068547
0 0.728922 0.723945 0.055500 0.068484
0 0.862289 0.704844 0.067047 0.060562
1 0.465758 0.745578 0.094516 0.091563
1 0.501078 0.853031 0.067125 0.055437
0 0.944641 0.027992 0.079750 0.055453
