1 0.883437 0.098484 0.060625 0.073531
0 0.379773 0.875820 0.076734 0.076734
1 0.094648 0.521508 0.110016 0.108078
0 0.248813 0.948383 0.070062 0.068391
1 0.026570 0.815680 0.053141 0.080922
1 0.174867 0.479711 0.085078 0.073766
1 0.310867 0.613367 0.080016 0.057672
1 0.141055 0.125953 0.060891 0.049219
1 0.224406 0.436633 0.088312 0.074859
1 0.803172 0.873391 0.093719 0.103813
1 0.964664 0.856094 0.067766 0.072094
1 0.141211 0.890742 0.106766 0.117609
1 0.281766 0.855711 0.109281 0.117609
1 0.091273 0.438992 0.102297 0.080109
1 0.052648 0.147727 0.105297 0.087234
1 0.198398 0.212680 0.110016 0.108078
1 0.608023 0.159766 0.059109 0.057656
