0 0.895164 0.034469 0.144891 0.068937
2 0.974078 0.123000 0.051844 0.049031
0 0.938055 0.303227 0.090828 0.089391
0 0.963625 0.395141 0.072750 0.082906
0 0.679258 0.948797 0.077859 0.072813
2 0.626625 0.767492 0.066312 0.085078
2 0.709172 0.774695 0.062719 0.077859
2 0.636359 0.638094 0.062719 0.062719
0 0.558141 0.800656 0.064875 0.062000
2 0.493258 0.450656 0.077859 0.103094
2 0.538680 0.528867 0.077859 0.059109
0 0.573641 0.446328 0.082906 0.110312
2 0.563187 0.209516 0.072094 0.053344
0 0.484969 0.337469 0.103094 0.081469
2 0.573641 0.315844 0.072813 0.072812
2 0.150109 0.300344 0.063438 0.049031
2 0.225438 0.395148 0.064156 0.090109
2 0.043188 0.127609 0.055844 0.060969
0 0.088102 0.089453 0.102859 0.083312
2 0.456039 0.042719 0.106141 0.065156
2 0.542766 0.102492 0.099625 0.082391
