1 0.439500 0.599617 0.093906 0.089703
1 0.462813 0.516172 0.102219 0.088313
2 0.758664 0.253727 0.090734 0.053547
1 0.414820 0.391016 0.089734 0.080656
1 0.645852 0.136508 0.055641 0.053641
2 0.710945 0.033219 0.079984 0.065125
0 0.215516 0.851977 0.077187 0.106734
1 0.544750 0.739164 0.081344 0.051109
2 0.137922 0.423109 0.065719 0.102219
1 0.335203 0.241250 0.068813 0.071219
1 0.324094 0.152914 0.058594 0.046578
1 0.303563 0.092805 0.082094 0.075578
1 0.428492 0.073461 0.079984 0.078953
0 0.025992 0.178258 0.051984 0.094016
1 0.401602 0.028156 0.083391 0.056313
1 0.415438 0.281062 0.089844 0.094344
1 0.764219 0.483477 0.091875 0.089359
0 0.738570 0.685555 0.059109 0.065359
0 0.884242 0.778031 0.095953 0.100125
1 0.561133 0.910664 0.068328 0.072453
0 0.545156 0.861844 0.152719 0.075563
0 0.484250 0.688203 0.075000 0.098313
