1 0.491316 0.345080 0.146168 0.115770
1 0.579591 0.453121 0.127170 0.088601
1 0.626049 0.366511 0.146497 0.103914
1 0.728729 0.394340 0.112270 0.073505
1 0.681609 0.439704 0.125082 0.072106
2 0.435384 0.529411 0.128434 0.114716
1 0.448483 0.396039 0.104331 0.082232
1 0.470080 0.736457 0.132852 0.081252
1 0.370268 0.688519 0.092161 0.060193
1 0.202425 0.680198 0.104623 0.061364
1 0.037117 0.179472 0.074234 0.109483
1 0.085902 0.332166 0.149925 0.092075
0 0.239184 0.024677 0.094226 0.049354
2 0.314883 0.039676 0.074472 0.050475
1 0.111763 0.257496 0.090503 0.063803
2 0.093486 0.118270 0.083661 0.079637
1 0.857217 0.189257 0.143894 0.085445
1 0.959959 0.791366 0.080081 0.111251
