1 0.180586 0.950570 0.089828 0.071203
1 0.433742 0.932187 0.113141 0.091219
1 0.592250 0.936375 0.131250 0.094937
1 0.569648 0.810711 0.112203 0.104266
2 0.767680 0.866102 0.048453 0.040953
0 0.803078 0.938000 0.077250 0.051656
1 0.732078 0.806055 0.103844 0.107047
1 0.861531 0.436977 0.105656 0.085641
1 0.824750 0.502609 0.095437 0.066094
1 0.918320 0.317602 0.081453 0.080516
1 0.952734 0.392969 0.088906 0.054375
1 0.567922 0.377781 0.107156 0.087250
1 0.157578 0.511320 0.091000 0.094766
2 0.063344 0.476594 0.073781 0.067312
1 0.138141 0.577828 0.071531 0.072687
1 0.178070 0.205711 0.147078 0.111703
2 0.273016 0.144977 0.056781 0.057234
2 0.268102 0.198516 0.052547 0.047031
2 0.479422 0.141719 0.078656 0.073063
1 0.558102 0.220375 0.080578 0.073062
1 0.405641 0.100117 0.058219 0.074859
1 0.279047 0.468625 0.077625 0.074406
1 0.805781 0.380945 0.083312 0.057172
1 0.092891 0.253234 0.061437 0.071219
