2 0.150536 0.469249 0.057012 0.056812
0 0.534595 0.690988 0.056702 0.047534
2 0.396399 0.638205 0.066430 0.069389
2 0.180649 0.311673 0.079760 0.068495
2 0.231785 0.215374 0.064553 0.051046
2 0.337753 0.878710 0.059471 0.058944
2 0.399432 0.893091 0.051136 0.052271
2 0.168035 0.853852 0.058377 0.045018
2 0.127877 0.830883 0.068056 0.049287
2 0.056788 0.738172 0.096557 0.076849
2 0.160183 0.390522 0.050133 0.039817
2 0.224960 0.492720 0.047649 0.044614
2 0.105538 0.530774 0.046395 0.042886
0 0.496952 0.660788 0.040596 0.033736
2 0.287073 0.561791 0.062443 0.055148
0 0.576585 0.444799 0.081316 0.064581
2 0.115760 0.646566 0.083357 0.057093
2 0.017607 0.819432 0.035215 0.055682
0 0.037801 0.787019 0.047856 0.041936
2 0.432132 0.583739 0.055300 0.050516
2 0.552032 0.536394 0.043926 0.037759
0 0.603644 0.516075 0.057158 0.040880
2 0.455972 0.518028 0.043864 0.043514
2 0.199243 0.104311 0.034533 0.031171
0 0.331469 0.130408 0.056150 0.040582
0 0.518849 0.444882 0.043220 0.036383
2 0.479426 0.821818 0.068026 0.066107
2 0.343447 0.165300 0.063987 0.045316
0 0.370756 0.224092 0.060051 0.052485
2 0.600637 0.276313 0.066813 0.055580
0 0.579891 0.329598 0.060468 0.052676
