1 0.595664 0.206828 0.125547 0.096531
1 0.628477 0.117328 0.086484 0.068781
1 0.848266 0.147492 0.110281 0.085672
1 0.965938 0.479867 0.068125 0.071672
0 0.577969 0.672219 0.077250 0.047469
0 0.595891 0.604734 0.102844 0.090281
1 0.750055 0.913305 0.131172 0.106984
1 0.940516 0.898828 0.102531 0.112625
1 0.154984 0.385828 0.087844 0.061688
1 0.631812 0.901039 0.065969 0.098547
1 0.813602 0.815758 0.074859 0.077641
1 0.060055 0.973141 0.101234 0.053719
0 0.036156 0.685453 0.072313 0.083625
1 0.412937 0.313805 0.065156 0.084547
1 0.468508 0.181820 0.105922 0.095922
0 0.341648 0.198414 0.084734 0.077891
1 0.658172 0.319602 0.063563 0.064797
1 0.935234 0.139000 0.080250 0.086156
1 0.972602 0.211695 0.054797 0.089391
1 0.236336 0.648680 0.119359 0.069234
1 0.175992 0.270445 0.108234 0.112547
1 0.302813 0.306258 0.070000 0.075391
1 0.527617 0.306797 0.094297 0.090469
1 0.421594 0.646492 0.104594 0.070391
1 0.634586 0.574086 0.079234 0.072797
1 0.763508 0.553539 0.094922 0.077703
1 0.894172 0.520820 0.109844 0.107047
1 0.886008 0.439836 0.101047 0.075391
1 0.726648 0.209695 0.097203 0.105922
