0 0.361070 0.432602 0.059578 0.084234
0 0.421711 0.888812 0.061391 0.071625
0 0.487953 0.879930 0.070000 0.065703
1 0.353594 0.810187 0.107156 0.113625
1 0.460750 0.812609 0.069469 0.062469
2 0.695000 0.816117 0.079156 0.066234
2 0.054461 0.834422 0.051703 0.071625
1 0.631469 0.700328 0.055438 0.046844
0 0.728250 0.716672 0.071969 0.068844
0 0.782656 0.710234 0.049375 0.075437
1 0.414820 0.510563 0.093547 0.086562
0 0.297312 0.546172 0.087500 0.100063
0 0.418086 0.452148 0.049797 0.041422
0 0.318922 0.479148 0.041469 0.044203
1 0.043891 0.592297 0.087781 0.056781
0 0.041531 0.530172 0.083062 0.062719
2 0.163500 0.223961 0.045625 0.060047
1 0.240766 0.125750 0.078188 0.057250
1 0.343617 0.073164 0.055859 0.053516
0 0.025664 0.239555 0.051328 0.054922
0 0.029859 0.177414 0.059719 0.060047
0 0.886758 0.041188 0.059578 0.052125
2 0.974680 0.197789 0.050641 0.030953
2 0.977336 0.420156 0.042266 0.054312
0 0.983898 0.102898 0.032203 0.053516
0 0.282453 0.248539 0.064625 0.045234
